128
114 945 3
199 1727 3
153 362 7
362 720 2
1227 1705 16
890 1845 17
278 911 13
956 1499 8
417 1364 7
182 473 12
815 1324 24
662 1929 10
388 966 21
1310 1781 1
710 1499 1
368 1162 18
154 714 42
427 912 19
110 132 4
120 1192 2
1696 2023 26
99 1150 1
456 1798 10
774 1372 11
533 993 10
236 1143 27
1221 1795 1
66 1177 15
226 1585 11
1687 1718 3
613 789 21
167 672 14
597 1606 7
538 1362 27
150 437 3
630 1575 21
253 1000 10
1156 1767 12
103 482 4
55 622 12
1195 1481 77
1413 1791 9
969 1834 14
845 1222 15
1145 2042 8
731 1343 18
142 720 8
81 1951 2
897 1005 17
875 1049 8
1113 1890 16
1593 2023 15
247 857 16
419 1378 18
63 1328 7
267 1645 1
1118 1223 13
411 554 1
704 730 7
472 1747 67
579 1509 3
352 1449 3
89 431 21
96 1065 18
346 562 13
619 632 69
353 1392 2
499 1246 27
289 981 2
962 1468 16
650 1484 19
383 994 8
174 275 11
666 1704 16
110 876 12
893 1070 6
1050 1357 2
298 1972 17
800 2036 6
365 758 83
496 504 42
339 1592 27
213 402 21
402 1291 4
1145 1347 1
36 428 14
124 836 13
623 1327 18
22 750 21
1008 1531 2
815 1034 5
220 332 1
517 1752 8
975 1415 8
66 1899 4
583 986 2
1560 1714 56
665 1399 59
668 1705 12
18 287 12
2171780 1273044428 22
834720887 1310468172 71
454164082 1880744730 68
67495457 1228891713 35
205516284 1202365927 9
472605808 521056484 62
301695754 1261567802 79
544260848 864508764 30
528085119 1312250178 50
560861115 876179177 57
59050498 893422562 83
415935285 935215201 33
8418308 1992357862 71
181560887 309876022 60
816192557 2106887710 16
632438102 805495793 27
790998037 1948026492 58
898555968 1444327207 27
279874494 471409062 40
573319190 1497600067 51
185756415 529637213 42
2331306 139874533 7
33642571 583564508 27
576165 1082426 13
20441804 1651366040 55
255389372 473086721 70
414406115 1332893253 7
239280801 1536114641 36
