1 1
2 1
3 1
4 1
5 1
6 1
7 1
8 2
9 2
10 2
11 2
12 2
13 2
14 2
15 2
16 2
17 2
18 2
19 2
20 2
21 2
22 2
23 2
24 2
25 2
26 2
27 3
28 3
29 3
30 3
31 3
32 3
33 3
34 3
35 3
36 3
37 3
38 3
39 3
40 3
41 3
42 3
43 3
44 3
45 3
46 3
47 3
48 3
49 3
50 3
51 3
52 3
53 3
54 3
55 3
56 3
57 3
58 3
59 3
60 3
61 3
62 3
63 3
64 4
65 4
66 4
67 4
68 4
69 4
70 4
71 4
72 4
73 4
74 4
75 4
76 4
77 4
78 4
79 4
80 4
81 4
82 4
83 4
84 4
85 4
86 4
87 4
88 4
89 4
90 4
91 4
92 4
93 4
94 4
95 4
96 4
97 4
98 4
99 4
100 4
101 4
102 4
103 4
104 4
105 4
106 4
107 4
108 4
109 4
110 4
111 4
112 4
113 4
114 4
115 4
116 4
117 4
118 4
119 4
120 4
121 4
122 4
123 4
124 4
125 5
126 5
127 5
128 5
129 5
130 5
131 5
132 5
133 5
134 5
135 5
136 5
137 5
138 5
139 5
140 5
141 5
142 5
143 5
144 5
145 5
146 5
147 5
148 5
149 5
150 5
151 5
152 5
153 5
154 5
155 5
156 5
157 5
158 5
159 5
160 5
161 5
162 5
163 5
164 5
165 5
166 5
167 5
168 5
169 5
170 5
171 5
172 5
173 5
174 5
175 5
176 5
177 5
178 5
179 5
180 5
181 5
182 5
183 5
184 5
185 5
186 5
187 5
188 5
189 5
190 5
191 5
192 5
193 5
194 5
195 5
196 5
197 5
198 5
199 5
200 5
201 5
202 5
203 5
204 5
205 5
206 5
207 5
208 5
209 5
210 5
211 5
212 5
213 5
214 5
215 5
216 6
217 6
218 6
219 6
220 6
221 6
222 6
223 6
224 6
225 6
226 6
227 6
228 6
229 6
230 6
231 6
232 6
233 6
234 6
235 6
236 6
237 6
238 6
239 6
240 6
241 6
242 6
243 6
244 6
245 6
246 6
247 6
248 6
249 6
250 6
251 6
252 6
253 6
254 6
255 6
256 6
257 6
258 6
259 6
260 6
261 6
262 6
263 6
264 6
265 6
266 6
267 6
268 6
269 6
270 6
271 6
272 6
273 6
274 6
275 6
276 6
277 6
278 6
279 6
280 6
281 6
282 6
283 6
284 6
285 6
286 6
287 6
288 6
289 6
290 6
291 6
292 6
293 6
294 6
295 6
296 6
297 6
298 6
299 6
300 6
301 6
302 6
303 6
304 6
305 6
306 6
307 6
308 6
309 6
310 6
311 6
312 6
313 6
314 6
315 6
316 6
317 6
318 6
319 6
320 6
321 6
322 6
323 6
324 6
325 6
326 6
327 6
328 6
329 6
330 6
331 6
332 6
333 6
334 6
335 6
336 6
337 6
338 6
339 6
340 6
341 6
342 6
343 7
344 7
345 7
346 7
347 7
348 7
349 7
350 7
351 7
352 7
353 7
354 7
355 7
356 7
357 7
358 7
359 7
360 7
361 7
362 7
363 7
364 7
365 7
366 7
367 7
368 7
369 7
370 7
371 7
372 7
373 7
374 7
375 7
376 7
377 7
378 7
379 7
380 7
381 7
382 7
383 7
384 7
385 7
386 7
387 7
388 7
389 7
390 7
391 7
392 7
393 7
394 7
395 7
396 7
397 7
398 7
399 7
400 7
401 7
402 7
403 7
404 7
405 7
406 7
407 7
408 7
409 7
410 7
411 7
412 7
413 7
414 7
415 7
416 7
417 7
418 7
419 7
420 7
421 7
422 7
423 7
424 7
425 7
426 7
427 7
428 7
429 7
430 7
431 7
432 7
433 7
434 7
435 7
436 7
437 7
438 7
439 7
440 7
441 7
442 7
443 7
444 7
445 7
446 7
447 7
448 7
449 7
450 7
451 7
452 7
453 7
454 7
455 7
456 7
457 7
458 7
459 7
460 7
461 7
462 7
463 7
464 7
465 7
466 7
467 7
468 7
469 7
470 7
471 7
472 7
473 7
474 7
475 7
476 7
477 7
478 7
479 7
480 7
481 7
482 7
483 7
484 7
485 7
486 7
487 7
488 7
489 7
490 7
491 7
492 7
493 7
494 7
495 7
496 7
497 7
498 7
499 7
500 7
501 7
502 7
503 7
504 7
505 7
506 7
507 7
508 7
509 7
510 7
511 7
512 8
513 8
514 8
515 8
516 8
517 8
518 8
519 8
520 8
521 8
522 8
523 8
524 8
525 8
526 8
527 8
528 8
529 8
530 8
531 8
532 8
533 8
534 8
535 8
536 8
537 8
538 8
539 8
540 8
541 8
542 8
543 8
544 8
545 8
546 8
547 8
548 8
549 8
550 8
551 8
552 8
553 8
554 8
555 8
556 8
557 8
558 8
559 8
560 8
561 8
562 8
563 8
564 8
565 8
566 8
567 8
568 8
569 8
570 8
571 8
572 8
573 8
574 8
575 8
576 8
577 8
578 8
579 8
580 8
581 8
582 8
583 8
584 8
585 8
586 8
587 8
588 8
589 8
590 8
591 8
592 8
593 8
594 8
595 8
596 8
597 8
598 8
599 8
600 8
601 8
602 8
603 8
604 8
605 8
606 8
607 8
608 8
609 8
610 8
611 8
612 8
613 8
614 8
615 8
616 8
617 8
618 8
619 8
620 8
621 8
622 8
623 8
624 8
625 8
626 8
627 8
628 8
629 8
630 8
631 8
632 8
633 8
634 8
635 8
636 8
637 8
638 8
639 8
640 8
641 8
642 8
643 8
644 8
645 8
646 8
647 8
648 8
649 8
650 8
651 8
652 8
653 8
654 8
655 8
656 8
657 8
658 8
659 8
660 8
661 8
662 8
663 8
664 8
665 8
666 8
667 8
668 8
669 8
670 8
671 8
672 8
673 8
674 8
675 8
676 8
677 8
678 8
679 8
680 8
681 8
682 8
683 8
684 8
685 8
686 8
687 8
688 8
689 8
690 8
691 8
692 8
693 8
694 8
695 8
696 8
697 8
698 8
699 8
700 8
701 8
702 8
703 8
704 8
705 8
706 8
707 8
708 8
709 8
710 8
711 8
712 8
713 8
714 8
715 8
716 8
717 8
718 8
719 8
720 8
721 8
722 8
723 8
724 8
725 8
726 8
727 8
728 8
729 9
730 9
731 9
732 9
733 9
734 9
735 9
736 9
737 9
738 9
739 9
740 9
741 9
742 9
743 9
744 9
745 9
746 9
747 9
748 9
749 9
750 9
751 9
752 9
753 9
754 9
755 9
756 9
757 9
758 9
759 9
760 9
761 9
762 9
763 9
764 9
765 9
766 9
767 9
768 9
769 9
770 9
771 9
772 9
773 9
774 9
775 9
776 9
777 9
778 9
779 9
780 9
781 9
782 9
783 9
784 9
785 9
786 9
787 9
788 9
789 9
790 9
791 9
792 9
793 9
794 9
795 9
796 9
797 9
798 9
799 9
800 9
801 9
802 9
803 9
804 9
805 9
806 9
807 9
808 9
809 9
810 9
811 9
812 9
813 9
814 9
815 9
816 9
817 9
818 9
819 9
820 9
821 9
822 9
823 9
824 9
825 9
826 9
827 9
828 9
829 9
830 9
831 9
832 9
833 9
834 9
835 9
836 9
837 9
838 9
839 9
840 9
841 9
842 9
843 9
844 9
845 9
846 9
847 9
848 9
849 9
850 9
851 9
852 9
853 9
854 9
855 9
856 9
857 9
858 9
859 9
860 9
861 9
862 9
863 9
864 9
865 9
866 9
867 9
868 9
869 9
870 9
871 9
872 9
873 9
874 9
875 9
876 9
877 9
878 9
879 9
880 9
881 9
882 9
883 9
884 9
885 9
886 9
887 9
888 9
889 9
890 9
891 9
892 9
893 9
894 9
895 9
896 9
897 9
898 9
899 9
900 9
901 9
902 9
903 9
904 9
905 9
906 9
907 9
908 9
909 9
910 9
911 9
912 9
913 9
914 9
915 9
916 9
917 9
918 9
919 9
920 9
921 9
922 9
923 9
924 9
925 9
926 9
927 9
928 9
929 9
930 9
931 9
932 9
933 9
934 9
935 9
936 9
937 9
938 9
939 9
940 9
941 9
942 9
943 9
944 9
945 9
946 9
947 9
948 9
949 9
950 9
951 9
952 9
953 9
954 9
955 9
956 9
957 9
958 9
959 9
960 9
961 9
962 9
963 9
964 9
965 9
966 9
967 9
968 9
969 9
970 9
971 9
972 9
973 9
974 9
975 9
976 9
977 9
978 9
979 9
980 9
981 9
982 9
983 9
984 9
985 9
986 9
987 9
988 9
989 9
990 9
991 9
992 9
993 9
994 9
995 9
996 9
997 9
998 9
999 9
1000 10
1001 10
1002 10
1003 10
1004 10
1005 10
1006 10
1007 10
1008 10
1009 10
1010 10
1011 10
1012 10
1013 10
1014 10
1015 10
1016 10
1017 10
1018 10
1019 10
1020 10
1021 10
1022 10
1023 10
1024 10
1025 10
1026 10
1027 10
1028 10
1029 10
1030 10
1031 10
1032 10
1033 10
1034 10
1035 10
1036 10
1037 10
1038 10
1039 10
1040 10
1041 10
1042 10
1043 10
1044 10
1045 10
1046 10
1047 10
1048 10
1049 10
1050 10
1051 10
1052 10
1053 10
1054 10
1055 10
1056 10
1057 10
1058 10
1059 10
1060 10
1061 10
1062 10
1063 10
1064 10
1065 10
1066 10
1067 10
1068 10
1069 10
1070 10
1071 10
1072 10
1073 10
1074 10
1075 10
1076 10
1077 10
1078 10
1079 10
1080 10
1081 10
1082 10
1083 10
1084 10
1085 10
1086 10
1087 10
1088 10
1089 10
1090 10
1091 10
1092 10
1093 10
1094 10
1095 10
1096 10
1097 10
1098 10
1099 10
1100 10
1101 10
1102 10
1103 10
1104 10
1105 10
1106 10
1107 10
1108 10
1109 10
1110 10
1111 10
1112 10
1113 10
1114 10
1115 10
1116 10
1117 10
1118 10
1119 10
1120 10
1121 10
1122 10
1123 10
1124 10
1125 10
1126 10
1127 10
1128 10
1129 10
1130 10
1131 10
1132 10
1133 10
1134 10
1135 10
1136 10
1137 10
1138 10
1139 10
1140 10
1141 10
1142 10
1143 10
1144 10
1145 10
1146 10
1147 10
1148 10
1149 10
1150 10
1151 10
1152 10
1153 10
1154 10
1155 10
1156 10
1157 10
1158 10
1159 10
1160 10
1161 10
1162 10
1163 10
1164 10
1165 10
1166 10
1167 10
1168 10
1169 10
1170 10
1171 10
1172 10
1173 10
1174 10
1175 10
1176 10
1177 10
1178 10
1179 10
1180 10
1181 10
1182 10
1183 10
1184 10
1185 10
1186 10
1187 10
1188 10
1189 10
1190 10
1191 10
1192 10
1193 10
1194 10
1195 10
1196 10
1197 10
1198 10
1199 10
1200 10
1201 10
1202 10
1203 10
1204 10
1205 10
1206 10
1207 10
1208 10
1209 10
1210 10
1211 10
1212 10
1213 10
1214 10
1215 10
1216 10
1217 10
1218 10
1219 10
1220 10
1221 10
1222 10
1223 10
1224 10
1225 10
1226 10
1227 10
1228 10
1229 10
1230 10
1231 10
1232 10
1233 10
1234 10
1235 10
1236 10
1237 10
1238 10
1239 10
1240 10
1241 10
1242 10
1243 10
1244 10
1245 10
1246 10
1247 10
1248 10
1249 10
1250 10
1251 10
1252 10
1253 10
1254 10
1255 10
1256 10
1257 10
1258 10
1259 10
1260 10
1261 10
1262 10
1263 10
1264 10
1265 10
1266 10
1267 10
1268 10
1269 10
1270 10
1271 10
1272 10
1273 10
1274 10
1275 10
1276 10
1277 10
1278 10
1279 10
1280 10
1281 10
1282 10
1283 10
1284 10
1285 10
1286 10
1287 10
1288 10
1289 10
1290 10
1291 10
1292 10
1293 10
1294 10
1295 10
1296 10
1297 10
1298 10
1299 10
1300 10
1301 10
1302 10
1303 10
1304 10
1305 10
1306 10
1307 10
1308 10
1309 10
1310 10
1311 10
1312 10
1313 10
1314 10
1315 10
1316 10
1317 10
1318 10
1319 10
1320 10
1321 10
1322 10
1323 10
1324 10
1325 10
1326 10
1327 10
1328 10
1329 10
1330 10
1331 11
1332 11
1333 11
1334 11
1335 11
1336 11
1337 11
1338 11
1339 11
1340 11
1341 11
1342 11
1343 11
1344 11
1345 11
1346 11
1347 11
1348 11
1349 11
1350 11
1351 11
1352 11
1353 11
1354 11
1355 11
1356 11
1357 11
1358 11
1359 11
1360 11
1361 11
1362 11
1363 11
1364 11
1365 11
1366 11
1367 11
1368 11
1369 11
1370 11
1371 11
1372 11
1373 11
1374 11
1375 11
1376 11
1377 11
1378 11
1379 11
1380 11
1381 11
1382 11
1383 11
1384 11
1385 11
1386 11
1387 11
1388 11
1389 11
1390 11
1391 11
1392 11
1393 11
1394 11
1395 11
1396 11
1397 11
1398 11
1399 11
1400 11
1401 11
1402 11
1403 11
1404 11
1405 11
1406 11
1407 11
1408 11
1409 11
1410 11
1411 11
1412 11
1413 11
1414 11
1415 11
1416 11
1417 11
1418 11
1419 11
1420 11
1421 11
1422 11
1423 11
1424 11
1425 11
1426 11
1427 11
1428 11
1429 11
1430 11
1431 11
1432 11
1433 11
1434 11
1435 11
1436 11
1437 11
1438 11
1439 11
1440 11
1441 11
1442 11
1443 11
1444 11
1445 11
1446 11
1447 11
1448 11
1449 11
1450 11
1451 11
1452 11
1453 11
1454 11
1455 11
1456 11
1457 11
1458 11
1459 11
1460 11
1461 11
1462 11
1463 11
1464 11
1465 11
1466 11
1467 11
1468 11
1469 11
1470 11
1471 11
1472 11
1473 11
1474 11
1475 11
1476 11
1477 11
1478 11
1479 11
1480 11
1481 11
1482 11
1483 11
1484 11
1485 11
1486 11
1487 11
1488 11
1489 11
1490 11
1491 11
1492 11
1493 11
1494 11
1495 11
1496 11
1497 11
1498 11
1499 11
1500 11
1501 11
1502 11
1503 11
1504 11
1505 11
1506 11
1507 11
1508 11
1509 11
1510 11
1511 11
1512 11
1513 11
1514 11
1515 11
1516 11
1517 11
1518 11
1519 11
1520 11
1521 11
1522 11
1523 11
1524 11
1525 11
1526 11
1527 11
1528 11
1529 11
1530 11
1531 11
1532 11
1533 11
1534 11
1535 11
1536 11
1537 11
1538 11
1539 11
1540 11
1541 11
1542 11
1543 11
1544 11
1545 11
1546 11
1547 11
1548 11
1549 11
1550 11
1551 11
1552 11
1553 11
1554 11
1555 11
1556 11
1557 11
1558 11
1559 11
1560 11
1561 11
1562 11
1563 11
1564 11
1565 11
1566 11
1567 11
1568 11
1569 11
1570 11
1571 11
1572 11
1573 11
1574 11
1575 11
1576 11
1577 11
1578 11
1579 11
1580 11
1581 11
1582 11
1583 11
1584 11
1585 11
1586 11
1587 11
1588 11
1589 11
1590 11
1591 11
1592 11
1593 11
1594 11
1595 11
1596 11
1597 11
1598 11
1599 11
1600 11
1601 11
1602 11
1603 11
1604 11
1605 11
1606 11
1607 11
1608 11
1609 11
1610 11
1611 11
1612 11
1613 11
1614 11
1615 11
1616 11
1617 11
1618 11
1619 11
1620 11
1621 11
1622 11
1623 11
1624 11
1625 11
1626 11
1627 11
1628 11
1629 11
1630 11
1631 11
1632 11
1633 11
1634 11
1635 11
1636 11
1637 11
1638 11
1639 11
1640 11
1641 11
1642 11
1643 11
1644 11
1645 11
1646 11
1647 11
1648 11
1649 11
1650 11
1651 11
1652 11
1653 11
1654 11
1655 11
1656 11
1657 11
1658 11
1659 11
1660 11
1661 11
1662 11
1663 11
1664 11
1665 11
1666 11
1667 11
1668 11
1669 11
1670 11
1671 11
1672 11
1673 11
1674 11
1675 11
1676 11
1677 11
1678 11
1679 11
1680 11
1681 11
1682 11
1683 11
1684 11
1685 11
1686 11
1687 11
1688 11
1689 11
1690 11
1691 11
1692 11
1693 11
1694 11
1695 11
1696 11
1697 11
1698 11
1699 11
1700 11
1701 11
1702 11
1703 11
1704 11
1705 11
1706 11
1707 11
1708 11
1709 11
1710 11
1711 11
1712 11
1713 11
1714 11
1715 11
1716 11
1717 11
1718 11
1719 11
1720 11
1721 11
1722 11
1723 11
1724 11
1725 11
1726 11
1727 11
1728 12
1729 12
1730 12
1731 12
1732 12
1733 12
1734 12
1735 12
1736 12
1737 12
1738 12
1739 12
1740 12
1741 12
1742 12
1743 12
1744 12
1745 12
1746 12
1747 12
1748 12
1749 12
1750 12
1751 12
1752 12
1753 12
1754 12
1755 12
1756 12
1757 12
1758 12
1759 12
1760 12
1761 12
1762 12
1763 12
1764 12
1765 12
1766 12
1767 12
1768 12
1769 12
1770 12
1771 12
1772 12
1773 12
1774 12
1775 12
1776 12
1777 12
1778 12
1779 12
1780 12
1781 12
1782 12
1783 12
1784 12
1785 12
1786 12
1787 12
1788 12
1789 12
1790 12
1791 12
1792 12
1793 12
1794 12
1795 12
1796 12
1797 12
1798 12
1799 12
1800 12
1801 12
1802 12
1803 12
1804 12
1805 12
1806 12
1807 12
1808 12
1809 12
1810 12
1811 12
1812 12
1813 12
1814 12
1815 12
1816 12
1817 12
1818 12
1819 12
1820 12
1821 12
1822 12
1823 12
1824 12
1825 12
1826 12
1827 12
1828 12
1829 12
1830 12
1831 12
1832 12
1833 12
1834 12
1835 12
1836 12
1837 12
1838 12
1839 12
1840 12
1841 12
1842 12
1843 12
1844 12
1845 12
1846 12
1847 12
1848 12
1849 12
1850 12
1851 12
1852 12
1853 12
1854 12
1855 12
1856 12
1857 12
1858 12
1859 12
1860 12
1861 12
1862 12
1863 12
1864 12
1865 12
1866 12
1867 12
1868 12
1869 12
1870 12
1871 12
1872 12
1873 12
1874 12
1875 12
1876 12
1877 12
1878 12
1879 12
1880 12
1881 12
1882 12
1883 12
1884 12
1885 12
1886 12
1887 12
1888 12
1889 12
1890 12
1891 12
1892 12
1893 12
1894 12
1895 12
1896 12
1897 12
1898 12
1899 12
1900 12
1901 12
1902 12
1903 12
1904 12
1905 12
1906 12
1907 12
1908 12
1909 12
1910 12
1911 12
1912 12
1913 12
1914 12
1915 12
1916 12
1917 12
1918 12
1919 12
1920 12
1921 12
1922 12
1923 12
1924 12
1925 12
1926 12
1927 12
1928 12
1929 12
1930 12
1931 12
1932 12
1933 12
1934 12
1935 12
1936 12
1937 12
1938 12
1939 12
1940 12
1941 12
1942 12
1943 12
1944 12
1945 12
1946 12
1947 12
1948 12
1949 12
1950 12
1951 12
1952 12
1953 12
1954 12
1955 12
1956 12
1957 12
1958 12
1959 12
1960 12
1961 12
1962 12
1963 12
1964 12
1965 12
1966 12
1967 12
1968 12
1969 12
1970 12
1971 12
1972 12
1973 12
1974 12
1975 12
1976 12
1977 12
1978 12
1979 12
1980 12
1981 12
1982 12
1983 12
1984 12
1985 12
1986 12
1987 12
1988 12
1989 12
1990 12
1991 12
1992 12
1993 12
1994 12
1995 12
1996 12
1997 12
1998 12
1999 12
2000 12
265
