5
200 916677445
749 664 229 502 1468 1755 789 1004 1382 728 509 993 1740 1039 1065 1429 407 912 330 1658 1089 1215 1832 1923 711 481 1984 617 384 691 413 1485 1706 993 1986 1173 748 1126 528 481 1853 1388 1473 1944 426 889 1725 833 1800 406 842 1240 1621 673 1162 331 1506 1146 1299 1889 188 64 1373 245 1056 1359 1769 155 484 296 635 689 1683 459 984 109 1699 1060 1293 1498 1466 134 1089 1086 806 251 1768 663 1748 1418 552 287 1481 276 531 889 1986 651 1395 822 946 382 1862 980 1192 1197 1440 891 257 732 740 1722 865 1829 1159 23 79 926 685 178 343 1588 464 176 216 1346 1416 201 348 810 1374 1645 1543 1235 624 735 432 64 1625 1040 1147 364 761 12 544 1919 386 974 1196 1070 1151 1890 1010 1966 65 1225 1311 1832 1425 10 994 1151 1654 536 737 278 1622 1168 693 1246 559 191 1962 1319 554 505 1237 939 1479 784 361 981 674 1370 947 1090 594 609 922 370 619 267 1520 272 1154 257 901 776 1776 1945 
200 161250373
335 136 334 1653 689 1191 1242 1628 1021 377 340 1 1050 1709 1299 140 302 260 1413 671 878 1679 543 1501 832 799 402 1607 574 698 1980 1260 833 665 1265 1522 207 858 1501 1227 1234 1840 1580 284 1900 1230 423 201 1489 1835 1223 718 1865 1765 219 696 915 972 655 1841 1669 986 1100 502 2 716 375 209 1573 227 1787 807 418 1366 1442 317 596 1864 869 436 50 91 1154 266 208 1724 1313 1474 695 1967 1314 715 1304 766 1568 1306 1481 1942 1866 1406 520 1652 212 937 1018 1653 1605 1965 1868 473 752 269 916 1905 534 1475 1628 1846 948 322 165 614 1389 1820 1731 956 1125 1563 898 1342 968 1769 994 1531 706 363 1535 662 327 1754 1135 1078 22 50 1335 907 1524 962 1105 823 1636 1621 1788 1024 1440 1518 1979 917 1081 1228 258 400 1349 1603 1931 406 1965 1465 1067 643 1219 201 73 1592 602 1407 851 125 720 1955 1300 355 1927 1087 1730 1366 957 61 634 37 1640 1244 788 988 846 718 1393 811 535 460 
200 366859453
105 660 1525 48 1262 931 898 1738 3 1204 1389 709 1130 828 439 848 1784 851 1833 172 490 1076 959 1478 1922 29 870 1084 915 1681 536 1371 693 413 1418 306 1695 668 395 1697 223 1784 406 1353 611 1196 552 394 46 384 565 535 1812 1875 364 1733 1903 1586 1168 817 1266 1703 187 310 467 1957 615 514 624 1010 210 1198 793 967 550 1755 162 1453 148 559 189 1064 1446 2000 938 1809 1732 1193 1746 899 9 1364 953 548 1673 1772 504 288 285 1479 1297 846 676 441 1813 1578 195 326 1382 694 885 1570 109 330 1569 1398 490 1652 590 588 902 599 1951 207 1146 1975 1978 1 262 262 1831 1910 1107 858 702 1271 787 1248 1597 169 293 833 90 401 1514 1659 1799 3 1662 388 942 564 1338 1244 770 835 1219 1099 835 1832 1712 1017 94 1170 227 795 441 1013 395 37 1533 687 1221 1623 1088 734 1633 1238 736 1294 1625 30 209 963 1273 1330 149 843 428 1336 1027 139 352 1472 1309 578 266 101 1943 1012 
200 670842489
1475 1699 1709 1097 786 442 729 375 1529 23 1999 1558 583 1313 1183 1913 1462 377 340 797 1403 831 1500 874 491 430 1492 591 372 503 1431 1846 553 1139 943 1690 1580 23 64 1460 397 415 1018 980 1727 552 892 1540 928 1583 688 683 413 188 1908 1255 969 1751 1845 1340 606 1275 1185 1158 765 479 848 696 502 911 156 898 1325 1525 229 1404 76 1120 943 1355 703 1983 389 1467 522 297 722 1490 47 566 829 652 193 365 162 1309 1196 1009 5 1697 271 160 946 1596 36 1175 1351 111 646 645 1817 1348 627 558 815 1148 854 1888 989 1252 453 169 256 997 886 417 658 81 1777 662 129 47 1173 1074 1994 1208 600 1344 1670 1246 1989 1838 945 967 395 111 467 1600 1998 1455 1204 803 1976 1811 151 861 579 808 941 355 1821 1069 753 993 494 747 552 1094 442 573 691 782 763 1635 101 1509 1746 567 1109 95 373 312 897 348 474 1048 1560 1052 207 500 1406 28 1920 510 1372 414 1256 276 1859 50 
200 18612848
549 1183 1962 535 1283 1471 632 1849 931 727 222 1594 1975 921 67 1022 481 1118 1229 1332 875 1256 1604 1384 979 369 992 1254 227 1041 454 1127 223 415 13 1506 237 645 1706 1167 1723 279 760 1697 1552 826 719 32 1943 299 1715 1169 1906 1318 553 884 1686 1544 490 264 936 943 1390 1510 1709 1403 1367 1946 399 1073 1112 121 1351 1872 1817 902 1049 887 1285 1344 1537 1352 512 1794 669 1064 678 707 959 1519 970 1894 461 712 1404 169 466 770 466 864 194 1578 1336 1545 1801 1504 798 1201 391 435 544 279 1786 1056 73 806 471 750 1512 1430 620 834 1323 1080 1897 1078 1600 714 200 418 1929 393 1995 1264 1937 147 767 1087 1347 1509 1521 1891 1788 1658 1298 1860 463 1768 961 327 1197 1580 1160 872 1011 1408 1949 610 121 148 1027 49 541 1373 1312 829 1871 430 267 1570 1939 139 1812 1726 1796 1109 1585 259 876 545 585 425 476 96 1296 1486 1503 1596 95 1623 96 1474 23 988 1198 1686 1816 1069 115 435 
