2
6 1000000000
1000000000 100000023 100000034 100123345 999999999 888888888
3 4
1000 1342 231231

2
6 1
1000000000 100000023 100000034 100123345 999999999 888888888
3 24
1000 1342 231231

2
6 3
1000000000 100000023 100000034 100123345 999999999 888888888
3 24
1000 1342 231231

2
3 3
1000000000 100000023 100000034
3 24
1000 1342 231231

2
3 5
1000000000 100000023 100000034
3 24
1000 1342 231231

2
3 5
1000006000 103000023 100000034
3 24
1000 1342 231231

2
3 4
1000006000 103000023 100000034
3 24
1000 1342 231231

2
3 3
1000006000 103000023 100000034
3 24
1000 1342 231231

2
3 2
1000006000 103000023 100000034
3 24
1000 1342 231231

2
3 1
1000006000 103000023 100000034
3 24
1000 1342 231231

2
6 1
1000006000 103000023 100000034  4445 454545 556464
3 24
1000 1342 231231

6
6 1
1000006000 103000023 100000034  4445 454545 556464
6 2
1000006000 103000023 100000034  4445 454545 556464
6 3
1000006000 103000023 100000034  4445 454545 556464
6 4
1000006000 103000023 100000034  4445 454545 556464
6 5
1000006000 103000023 100000034  4445 454545 556464
6 6
1000006000 103000023 100000034  4445 454545 556464

6
10 1
1000006000 236676 564555 5667686 7687 103000023 100000034  4445 454545 556464
10 2
1000006000 236676 564555 5667686 7687 103000023 100000034  4445 454545 556464
10 3
1000006000 236676 564555 5667686 7687 103000023 100000034  4445 454545 556464
10 4
1000006000 236676 564555 5667686 7687 103000023 100000034  4445 454545 556464
10 5
1000006000 236676 564555 5667686 7687 103000023 100000034  4445 454545 556464
10 6
1000006000 236676 564555 5667686 7687 103000023 100000034  4445 454545 556464

6
5 1
1000006000 100000034  4445 454545 556464
5 2
1000006000 100000034  4445 454545 556464
5 3
1000006000 100000034  4445 454545 556464

3
5 1
1000006000 100000034  4445 454545 556464
5 2
1000006000 100000034  4445 454545 556464
5 3
1000006000 100000034  4445 454545 556464

6
10 1
1000006000 236676 564555 5667686 7687 103000023 100000034  4445 454545 556464
10 2
1000006000 236676 564555 5667686 7687 103000023 100000034  4445 454545 556464
10 3
100006000 236676 564555 5667686 7687 103000023 100000034  4445 454545 556464
10 4
1000006000 23676 564555 5667686 7687 103000023 100000034  4445 454545 556464
10 5
10006000 23676 564555 566786 7687 10300023 100000034  445 454545 556464
10 6
1006000 236676 56455 5667686 7687 1030023 10000034 4445 45454 556464

6
10 1
1000006000 236676 564555 5667686 7687 130050023 100000034  4445 454545 556464
10 2
1000006000 236676 564555 5667686 7687 88871 94847 4445 454545 556464
10 3
100006000 236676 564555 5667686 7687 7636376 81818 4445 454545 556464
10 4
1000006000 23676 564555 5667686 7687 103000023 100000034  4445 454545 556464
10 5
10006000 23676 564555 566786 7687 10300023 100000034  445 454545 556464
10 6
1006000 236676 56455 5667686 7687 1030023 10000034 4445 45454 556464

6
9 1
236676 564555 5667686 7687 130050023 100000034  4445 454545 556464
9 2
236676 564555 5667686 7687 88871 94847 4445 454545 556464
9 3
236676 564555 5667686 7687 7636376 81818 4445 454545 556464
9 4
23676 564555 5667686 7687 103000023 100000034  4445 454545 556464
9 5
23676 564555 566786 7687 10300023 100000034  445 454545 556464
9 6
236676 56455 5667686 7687 1030023 10000034 4445 45454 556464

6
5 1
1 3 5 7 9
5 2
1 3 5 7 9
5 3
1 3 5 7 9
5 4
1 3 5 7 9
5 5
1 3 5 7 9

6
5 1
1 3 7 15 19
5 2
1 3 5 7 9
5 3
1 3 5 7 9
5 4
1 3 5 7 9
5 5
1 3 5 7 9

6
5 1
1 3 7 15 31
5 2
1 3 5 7 9
5 3
1 3 5 7 9
5 4
1 3 5 7 9
5 5
1 3 5 7 9

1
5 2
1 3 7 15 31

6
10 1
1000006000 236676 564555 5667686 7687 130050023 100000034  4445 454545 556464
10 2
1000006000 236676 564555 5667686 7687 88871 94847 4445 454545 556464
10 3
100006000 236676 564555 5667686 7687 7636376 81818 4445 454545 556464
10 4
1000006000 23676 564555 5667686 7687 103000023 100000034  4445 454545 556464
10 5
10006000 23676 564555 566786 7687 10300023 100000034  445 454545 556464
10 6
1006000 236676 56455 5667686 7687 1030023 10000034 4445 45454 556464

2
6 1
1000000000 100000023 100000034 100123345 999999999 888888888
3 24
1000 1342 231231

6
5 1
1 3 5 7 9
5 2
1 3 5 7 9
5 3
1 3 5 7 9
5 4
1 3 5 7 9
5 5
1 3 5 7 9

6
5 1
234 1214 42 356 12

6
5 1
234 1214 41 353 121

6
5 1
234 1214 41 353 121
5 2
234 1214 41 353 121
5 3
234 1214 41 353 121

2
6 1
1000000000 100000023 100000034 100123345 999999999 888888888

2
6 1
1000000000 100000023 100000034 100123345 999999999 888888888
6 2
1000000000 100000023 100000034 100123345 999999999 888888888
6 3
1000000000 100000023 100000034 100123345 999999999 888888888
6 4
1000000000 100000023 100000034 100123345 999999999 888888888
6 5
1000000000 100000023 100000034 100123345 999999999 888888888

5
6 1
1000000000 100000023 100000034 100123345 999999999 888888888
6 2
1000000000 100000023 100000034 100123345 999999999 888888888
6 3
1000000000 100000023 100000034 100123345 999999999 888888888
6 4
1000000000 100000023 100000034 100123345 999999999 888888888
6 5
1000000000 100000023 100000034 100123345 999999999 888888888

2
3 2
1000006000 103000023 100000034
3 24
1000 1342 231231

6
10 1
1000006000 236676 564555 5667686 7687 103000023 100000034  4445 454545 556464
10 2
1000006000 236676 564555 5667686 7687 103000023 100000034  4445 454545 556464
10 3
1000006000 236676 564555 5667686 7687 103000023 100000034  4445 454545 556464
10 4
1000006000 236676 564555 5667686 7687 103000023 100000034  4445 454545 556464
10 5
1000006000 236676 564555 5667686 7687 103000023 100000034  4445 454545 556464
10 6
1000006000 236676 564555 5667686 7687 103000023 100000034  4445 454545 556464

6
9 1
236676 564555 5667686 7687 130050023 100000034  4445 454545 556464
9 2
236676 564555 5667686 7687 88871 94847 4445 454545 556464
9 3
236676 564555 5667686 7687 7636376 81818 4445 454545 556464
9 4
23676 564555 5667686 7687 103000023 100000034  4445 454545 556464
9 5
23676 564555 566786 7687 10300023 100000034  445 454545 556464
9 6
236676 56455 5667686 7687 1030023 10000034 4445 45454 556464

6
9 1
236676 564125 56676923 76819 130050023 10000349 444513 454517 5564629
9 2
236676 564555 5667686 7687 88871 94847 4445 454545 556464
9 3
236676 564555 5667686 7687 7636376 81818 4445 454545 556464
9 4
23676 564555 5667686 7687 103000023 100000034  4445 454545 556464
9 5
23676 564555 566786 7687 10300023 100000034  445 454545 556464
9 6
236676 56455 5667686 7687 1030023 10000034 4445 45454 556464

6
9 1
236676 564125 56676923 76819 130050023 10000349 444513 454517 5564629
9 2
236676 564125 56676923 76819 130050023 10000349 444513 454517 5564629
9 3
236676 564125 56676923 76819 130050023 10000349 444513 454517 5564629
9 4
236676 564125 56676923 76819 130050023 10000349 444513 454517 5564629
9 5
236676 564125 56676923 76819 130050023 10000349 444513 454517 5564629
9 6
236676 564125 56676923 76819 130050023 10000349 444513 454517 5564629

2
6 1000000000
1000000000 100000023 100000034 100123345 999999999 888888888
3 4
1000 1342 231231

4
6 1000000000
1000000000 100000023 100000034 100123345 999999999 888888888
3 4
1000 1342 231231
3 5
1000006000 103000023 100000034
3 24
1000 1342 231231

1
5 2
1 11 111 1111 1111 

1
5 2
1 11 111 1111 1100

1
5 1
1 11 111 1111 1100

1
5 1
1 11 111 1101 1101

1
5 2
1 11 111 1101 1101

1
5 1
1 11 110 1101 1101

1
5 2
1 11 110 1101 1101

6
9 100000
236676 564125 56676923 76819 130050023 10000349 444513 454517 5564629
9 200000
236676 564125 56676923 76819 130050023 10000349 444513 454517 5564629
9 3
236676 564125 56676923 76819 130050023 10000349 444513 454517 5564629
9 4
236676 564125 56676923 76819 130050023 10000349 444513 454517 5564629
9 5
236676 564125 56676923 76819 130050023 10000349 444513 454517 5564629
9 6
236676 564125 56676923 76819 130050023 10000349 444513 454517 5564629

6
9 100000
236676 564125 56676923 76819 130050023 10000349 444513 454517 5564629
9 200000
236676 564125 56676923 76819 130050023 10000349 444513 454517 5564629
9 300
236676 564125 56676923 76819 130050023 10000349 444513 454517 5564629
9 4
236676 564125 56676923 76819 130050023 10000349 444513 454517 5564629
9 5
236676 564125 56676923 76819 130050023 10000349 444513 454517 5564629
9 6
236676 564125 56676923 76819 130050023 10000349 444513 454517 5564629

1
6 1
1000000000 100000023 100000034 100123345 999999999 888888888

1
5 1
0 1 1 1 1 

1
5 2
0 1 1 1 1 

1
6 1
0 1 1 1 1 1
