1 5 8 12 19 30 32 32 34 39 44 44 51 52 54 56 65 89 91 94 
1 4 5 12 21 23 27 30 32 36 39 44 52 54 56 63 89 94 108 118 
3 4 12 15 16 23 23 30 34 36 44 44 50 54 54 63 91 94 110 118 
1 4 5 15 21 23 27 30 32 36 39 44 52 54 59 63 89 94 108 118 
3 4 12 15 16 23 23 30 34 36 44 44 50 54 54 63 91 94 110 118 
1 4 5 15 21 23 27 30 32 36 39 44 52 54 59 63 89 94 108 118 
3 4 12 15 16 23 23 30 34 36 44 44 50 54 54 63 91 94 110 118 
1 4 5 15 21 23 27 30 32 36 39 44 52 54 59 63 89 94 108 118 
3 4 12 15 16 23 23 30 34 36 44 44 50 54 54 63 91 94 110 118 
1 4 5 15 21 23 27 30 32 36 39 44 52 54 59 63 89 94 108 118 
3 4 12 15 16 23 23 30 34 36 44 44 50 54 54 63 91 94 110 118 
1 4 5 15 21 23 27 30 32 36 39 44 52 54 59 63 89 94 108 118 
3 4 12 15 16 23 23 30 34 36 44 44 50 54 54 63 91 94 110 118 
1 4 5 15 21 23 27 30 32 36 39 44 52 54 59 63 89 94 108 118 
3 4 12 15 16 23 23 30 34 36 44 44 50 54 54 63 91 94 110 118 
1 4 5 15 21 23 27 30 32 36 39 44 52 54 59 63 89 94 108 118 
3 4 12 15 16 23 23 30 34 36 44 44 50 54 54 63 91 94 110 118 
1 4 5 15 21 23 27 30 32 36 39 44 52 54 59 63 89 94 108 118 
3 4 12 15 16 23 23 30 34 36 44 44 50 54 54 63 91 94 110 118 
1 4 5 15 21 23 27 30 32 36 39 44 52 54 59 63 89 94 108 118 
3 4 12 15 16 23 23 30 34 36 44 44 50 54 54 63 91 94 110 118 
1 4 5 15 21 23 27 30 32 36 39 44 52 54 59 63 89 94 108 118 
3 4 12 15 16 23 23 30 34 36 44 44 50 54 54 63 91 94 110 118 
1 4 5 15 21 23 27 30 32 36 39 44 52 54 59 63 89 94 108 118 
3 4 12 15 16 23 23 30 34 36 44 44 50 54 54 63 91 94 110 118 
1 4 5 15 21 23 27 30 32 36 39 44 52 54 59 63 89 94 108 118 
3 4 12 15 16 23 23 30 34 36 44 44 50 54 54 63 91 94 110 118 
1 4 5 15 21 23 27 30 32 36 39 44 52 54 59 63 89 94 108 118 
3 4 12 15 16 23 23 30 34 36 44 44 50 54 54 63 91 94 110 118 
1 4 5 15 21 23 27 30 32 36 39 44 52 54 59 63 89 94 108 118 
3 4 12 15 16 23 23 30 34 36 44 44 50 54 54 63 91 94 110 118 
1 4 5 15 21 23 27 30 32 36 39 44 52 54 59 63 89 94 108 118 
3 4 12 15 16 23 23 30 34 36 44 44 50 54 54 63 91 94 110 118 
1 4 5 15 21 23 27 30 32 36 39 44 52 54 59 63 89 94 108 118 
3 4 12 15 16 23 23 30 34 36 44 44 50 54 54 63 91 94 110 118 
1 4 5 15 21 23 27 30 32 36 39 44 52 54 59 63 89 94 108 118 
3 4 12 15 16 23 23 30 34 36 44 44 50 54 54 63 91 94 110 118 
1 4 5 15 21 23 27 30 32 36 39 44 52 54 59 63 89 94 108 118 
3 4 12 15 16 23 23 30 34 36 44 44 50 54 54 63 91 94 110 118 
1 4 5 15 21 23 27 30 32 36 39 44 52 54 59 63 89 94 108 118 
3 4 12 15 16 23 23 30 34 36 44 44 50 54 54 63 91 94 110 118 
1 4 5 15 21 23 27 30 32 36 39 44 52 54 59 63 89 94 108 118 
3 4 12 15 16 23 23 30 34 36 44 44 50 54 54 63 91 94 110 118 
1 4 5 15 21 23 27 30 32 36 39 44 52 54 59 63 89 94 108 118 
3 4 12 15 16 23 23 30 34 36 44 44 50 54 54 63 91 94 110 118 
1 4 5 15 21 23 27 30 32 36 39 44 52 54 59 63 89 94 108 118 
3 4 12 15 16 23 23 30 34 36 44 44 50 54 54 63 91 94 110 118 
1 4 5 15 21 23 27 30 32 36 39 44 52 54 59 63 89 94 108 118 
3 4 12 15 16 23 23 30 34 36 44 44 50 54 54 63 91 94 110 118 
1 4 5 15 21 23 27 30 32 36 39 44 52 54 59 63 89 94 108 118 
3 4 12 15 16 23 23 30 34 36 44 44 50 54 54 63 91 94 110 118 
1 4 5 15 21 23 27 30 32 36 39 44 52 54 59 63 89 94 108 118 
3 4 12 15 16 23 23 30 34 36 44 44 50 54 54 63 91 94 110 118 
1 4 5 15 21 23 27 30 32 36 39 44 52 54 59 63 89 94 108 118 
3 4 12 15 16 23 23 30 34 36 44 44 50 54 54 63 91 94 110 118 
1 4 5 15 21 23 27 30 32 36 39 44 52 54 59 63 89 94 108 118 
3 4 12 15 16 23 23 30 34 36 44 44 50 54 54 63 91 94 110 118 
1 4 5 15 21 23 27 30 32 36 39 44 52 54 59 63 89 94 108 118 
3 4 12 15 16 23 23 30 34 36 44 44 50 54 54 63 91 94 110 118 
1 4 5 15 21 23 27 30 32 36 39 44 52 54 59 63 89 94 108 118 
3 4 12 15 16 23 23 30 34 36 44 44 50 54 54 63 91 94 110 118 
1 4 5 15 21 23 27 30 32 36 39 44 52 54 59 63 89 94 108 118 
3 4 12 15 16 23 23 30 34 36 44 44 50 54 54 63 91 94 110 118 
1 4 5 15 21 23 27 30 32 36 39 44 52 54 59 63 89 94 108 118 
3 4 12 15 16 23 23 30 34 36 44 44 50 54 54 63 91 94 110 118 
1 4 5 15 21 23 27 30 32 36 39 44 52 54 59 63 89 94 108 118 
3 4 12 15 16 23 23 30 34 36 44 44 50 54 54 63 91 94 110 118 
1 4 5 15 21 23 27 30 32 36 39 44 52 54 59 63 89 94 108 118 
3 4 12 15 16 23 23 30 34 36 44 44 50 54 54 63 91 94 110 118 
1 4 5 15 21 23 27 30 32 36 39 44 52 54 59 63 89 94 108 118 
3 4 12 15 16 23 23 30 34 36 44 44 50 54 54 63 91 94 110 118 
1 4 5 15 21 23 27 30 32 36 39 44 52 54 59 63 89 94 108 118 
3 4 12 15 16 23 23 30 34 36 44 44 50 54 54 63 91 94 110 118 
1 4 5 15 21 23 27 30 32 36 39 44 52 54 59 63 89 94 108 118 
3 4 12 15 16 23 23 30 34 36 44 44 50 54 54 63 91 94 110 118 
1 4 5 15 21 23 27 30 32 36 39 44 52 54 59 63 89 94 108 118 
3 4 12 15 16 23 23 30 34 36 44 44 50 54 54 63 91 94 110 118 
1 4 5 15 21 23 27 30 32 36 39 44 52 54 59 63 89 94 108 118 
3 4 12 15 16 23 23 30 34 36 44 44 50 54 54 63 91 94 110 118 
1 4 5 15 21 23 27 30 32 36 39 44 52 54 59 63 89 94 108 118 
3 4 12 15 16 23 23 30 34 36 44 44 50 54 54 63 91 94 110 118 
1 4 5 15 21 23 27 30 32 36 39 44 52 54 59 63 89 94 108 118 
3 4 12 15 16 23 23 30 34 36 44 44 50 54 54 63 91 94 110 118 
1 4 5 15 21 23 27 30 32 36 39 44 52 54 59 63 89 94 108 118 
3 4 12 15 16 23 23 30 34 36 44 44 50 54 54 63 91 94 110 118 
1 4 5 15 21 23 27 30 32 36 39 44 52 54 59 63 89 94 108 118 
3 4 12 15 16 23 23 30 34 36 44 44 50 54 54 63 91 94 110 118 
1 4 5 15 21 23 27 30 32 36 39 44 52 54 59 63 89 94 108 118 
3 4 12 15 16 23 23 30 34 36 44 44 50 54 54 63 91 94 110 118 
1 4 5 15 21 23 27 30 32 36 39 44 52 54 59 63 89 94 108 118 
3 4 12 15 16 23 23 30 34 36 44 44 50 54 54 63 91 94 110 118 
1 4 5 15 21 23 27 30 32 36 39 44 52 54 59 63 89 94 108 118 
3 4 12 15 16 23 23 30 34 36 44 44 50 54 54 63 91 94 110 118 
1 4 5 15 21 23 27 30 32 36 39 44 52 54 59 63 89 94 108 118 
3 4 12 15 16 23 23 30 34 36 44 44 50 54 54 63 91 94 110 118 
1 4 5 15 21 23 27 30 32 36 39 44 52 54 59 63 89 94 108 118 
3 4 12 15 16 23 23 30 34 36 44 44 50 54 54 63 91 94 110 118 
1 4 5 15 21 23 27 30 32 36 39 44 52 54 59 63 89 94 108 118 
3 4 12 15 16 23 23 30 34 36 44 44 50 54 54 63 91 94 110 118 
1 4 5 15 21 23 27 30 32 36 39 44 52 54 59 63 89 94 108 118 
