3 1 6 7
5 1 2 3 5 6
7 1 2 3 5 6 7 8
7 1 2 3 4 5 6 7
1 1
1 1
1 4
6 1 6 7 8 9 10
1 4
7 1 4 6 7 8 9 10
5 1 2 3 4 5
1 4
2 2 3
3 2 3 5
7 1 4 6 7 8 9 10
4 1 2 3 5
9 1 2 3 5 6 7 8 9 10
9 1 2 3 5 6 7 8 9 10
7 1 2 3 5 6 7 8
1 4
3 1 2 3
5 1 6 7 8 9
7 1 4 6 7 8 9 10
6 1 2 3 5 6 7
1 4
9 1 2 3 5 6 7 8 9 10
3 2 3 5
5 1 4 6 7 8
3 1 2 3
7 1 4 6 7 8 9 10
4 1 4 6 7
2 2 3
5 1 2 3 4 5
2 1 6
9 1 2 3 5 6 7 8 9 10
9 1 2 3 5 6 7 8 9 10
1 1
7 1 4 6 7 8 9 10
3 1 2 3
3 2 3 5
3 1 2 3
6 1 4 6 7 8 9
1 4
1 1
1 1
1 4
7 1 4 6 7 8 9 10
2 1 2
7 1 2 3 5 6 7 8
2 1 4
4 1 4 6 7
1 4
3 1 2 3
3 2 3 5
3 2 3 5
2 1 4
4 1 2 3 5
1 1
6 1 6 7 8 9 10
6 1 6 7 8 9 10
7 1 4 6 7 8 9 10
1 4
9 1 2 3 4 5 6 7 8 9
5 1 4 6 7 8
9 1 2 3 5 6 7 8 9 10
1 4
