321: (3 1) (107 1) 
32: (2 5) 
5: (5 1) 
5354: (2 1) (2677 1) 
123: (3 1) (41 1) 
5: (5 1) 
54: (2 1) (3 3) 
9348: (2 2) (3 1) (19 1) (41 1) 
213656: (2 3) (17 1) (1571 1) 
23: (23 1) 
655312: (2 4) (7 1) (5851 1) 
65565: (3 2) (5 1) (31 1) (47 1) 
2331: (3 2) (7 1) (37 1) 
56512: (2 6) (883 1) 
3254: (2 1) (1627 1) 
231: (3 1) (7 1) (11 1) 
1323: (3 3) (7 2) 
2312: (2 3) (17 2) 
43: (43 1) 
5656: (2 3) (7 1) (101 1) 
312: (2 3) (3 1) (13 1) 
545: (5 1) (109 1) 
231: (3 1) (7 1) (11 1) 
4545: (3 2) (5 1) (101 1) 
323: (17 1) (19 1) 
55: (5 1) (11 1) 
33: (3 1) (11 1) 
323: (17 1) (19 1) 
546: (2 1) (3 1) (7 1) (13 1) 
32: (2 5) 
build hoise
at node 1 l r 1 30
 (0 0 )  (2 38 )  (3 20 )  (5 6 )  (7 8 )  (11 4 )  (13 2 )  (17 5 )  (19 3 )  (23 1 )  (31 1 )  (37 1 )  (41 2 )  (43 1 )  (47 1 )  (101 2 )  (107 1 )  (109 1 )  (883 1 )  (1571 1 )  (1627 1 )  (2677 1 )  (5851 1 ) 
at node 2 l r 1 15
 (0 0 )  (2 23 )  (3 10 )  (5 3 )  (7 2 )  (17 1 )  (19 1 )  (23 1 )  (31 1 )  (37 1 )  (41 2 )  (47 1 )  (107 1 )  (883 1 )  (1571 1 )  (1627 1 )  (2677 1 )  (5851 1 ) 
at node 4 l r 1 8
 (0 0 )  (2 9 )  (3 6 )  (5 2 )  (19 1 )  (41 2 )  (107 1 )  (2677 1 ) 
at node 8 l r 1 4
 (0 0 )  (2 6 )  (3 1 )  (5 1 )  (107 1 )  (2677 1 ) 
at node 16 l r 1 2
 (0 0 )  (2 5 )  (3 1 )  (107 1 ) 
at node 32 l r 1 1
 (0 0 )  (3 1 )  (107 1 ) 
at node 33 l r 2 2
 (0 0 )  (2 5 ) 
at node 17 l r 3 4
 (0 0 )  (2 1 )  (5 1 )  (2677 1 ) 
at node 34 l r 3 3
 (0 0 )  (5 1 ) 
at node 35 l r 4 4
 (0 0 )  (2 1 )  (2677 1 ) 
at node 9 l r 5 8
 (0 0 )  (2 3 )  (3 5 )  (5 1 )  (19 1 )  (41 2 ) 
at node 18 l r 5 6
 (0 0 )  (3 1 )  (5 1 )  (41 1 ) 
at node 36 l r 5 5
 (0 0 )  (3 1 )  (41 1 ) 
at node 37 l r 6 6
 (0 0 )  (5 1 ) 
at node 19 l r 7 8
 (0 0 )  (2 3 )  (3 4 )  (19 1 )  (41 1 ) 
at node 38 l r 7 7
 (0 0 )  (2 1 )  (3 3 ) 
at node 39 l r 8 8
 (0 0 )  (2 2 )  (3 1 )  (19 1 )  (41 1 ) 
at node 5 l r 9 15
 (0 0 )  (2 14 )  (3 4 )  (5 1 )  (7 2 )  (17 1 )  (23 1 )  (31 1 )  (37 1 )  (47 1 )  (883 1 )  (1571 1 )  (1627 1 )  (5851 1 ) 
at node 10 l r 9 12
 (0 0 )  (2 7 )  (3 2 )  (5 1 )  (7 1 )  (17 1 )  (23 1 )  (31 1 )  (47 1 )  (1571 1 )  (5851 1 ) 
at node 20 l r 9 10
 (0 0 )  (2 3 )  (17 1 )  (23 1 )  (1571 1 ) 
at node 40 l r 9 9
 (0 0 )  (2 3 )  (17 1 )  (1571 1 ) 
at node 41 l r 10 10
 (0 0 )  (23 1 ) 
at node 21 l r 11 12
 (0 0 )  (2 4 )  (3 2 )  (5 1 )  (7 1 )  (31 1 )  (47 1 )  (5851 1 ) 
at node 42 l r 11 11
 (0 0 )  (2 4 )  (7 1 )  (5851 1 ) 
at node 43 l r 12 12
 (0 0 )  (3 2 )  (5 1 )  (31 1 )  (47 1 ) 
at node 11 l r 13 15
 (0 0 )  (2 7 )  (3 2 )  (7 1 )  (37 1 )  (883 1 )  (1627 1 ) 
at node 22 l r 13 14
 (0 0 )  (2 6 )  (3 2 )  (7 1 )  (37 1 )  (883 1 ) 
at node 44 l r 13 13
 (0 0 )  (3 2 )  (7 1 )  (37 1 ) 
at node 45 l r 14 14
 (0 0 )  (2 6 )  (883 1 ) 
at node 23 l r 15 15
 (0 0 )  (2 1 )  (1627 1 ) 
at node 3 l r 16 30
 (0 0 )  (2 15 )  (3 10 )  (5 3 )  (7 6 )  (11 4 )  (13 2 )  (17 4 )  (19 2 )  (43 1 )  (101 2 )  (109 1 ) 
at node 6 l r 16 23
 (0 0 )  (2 9 )  (3 6 )  (5 1 )  (7 5 )  (11 2 )  (13 1 )  (17 2 )  (43 1 )  (101 1 )  (109 1 ) 
at node 12 l r 16 19
 (0 0 )  (2 3 )  (3 4 )  (7 3 )  (11 1 )  (17 2 )  (43 1 ) 
at node 24 l r 16 17
 (0 0 )  (3 4 )  (7 3 )  (11 1 ) 
at node 48 l r 16 16
 (0 0 )  (3 1 )  (7 1 )  (11 1 ) 
at node 49 l r 17 17
 (0 0 )  (3 3 )  (7 2 ) 
at node 25 l r 18 19
 (0 0 )  (2 3 )  (17 2 )  (43 1 ) 
at node 50 l r 18 18
 (0 0 )  (2 3 )  (17 2 ) 
at node 51 l r 19 19
 (0 0 )  (43 1 ) 
at node 13 l r 20 23
 (0 0 )  (2 6 )  (3 2 )  (5 1 )  (7 2 )  (11 1 )  (13 1 )  (101 1 )  (109 1 ) 
at node 26 l r 20 21
 (0 0 )  (2 6 )  (3 1 )  (7 1 )  (13 1 )  (101 1 ) 
at node 52 l r 20 20
 (0 0 )  (2 3 )  (7 1 )  (101 1 ) 
at node 53 l r 21 21
 (0 0 )  (2 3 )  (3 1 )  (13 1 ) 
at node 27 l r 22 23
 (0 0 )  (3 1 )  (5 1 )  (7 1 )  (11 1 )  (109 1 ) 
at node 54 l r 22 22
 (0 0 )  (5 1 )  (109 1 ) 
at node 55 l r 23 23
 (0 0 )  (3 1 )  (7 1 )  (11 1 ) 
at node 7 l r 24 30
 (0 0 )  (2 6 )  (3 4 )  (5 2 )  (7 1 )  (11 2 )  (13 1 )  (17 2 )  (19 2 )  (101 1 ) 
at node 14 l r 24 27
 (0 0 )  (3 3 )  (5 2 )  (11 2 )  (17 1 )  (19 1 )  (101 1 ) 
at node 28 l r 24 25
 (0 0 )  (3 2 )  (5 1 )  (17 1 )  (19 1 )  (101 1 ) 
at node 56 l r 24 24
 (0 0 )  (3 2 )  (5 1 )  (101 1 ) 
at node 57 l r 25 25
 (0 0 )  (17 1 )  (19 1 ) 
at node 29 l r 26 27
 (0 0 )  (3 1 )  (5 1 )  (11 2 ) 
at node 58 l r 26 26
 (0 0 )  (5 1 )  (11 1 ) 
at node 59 l r 27 27
 (0 0 )  (3 1 )  (11 1 ) 
at node 15 l r 28 30
 (0 0 )  (2 6 )  (3 1 )  (7 1 )  (13 1 )  (17 1 )  (19 1 ) 
at node 30 l r 28 29
 (0 0 )  (2 1 )  (3 1 )  (7 1 )  (13 1 )  (17 1 )  (19 1 ) 
at node 60 l r 28 28
 (0 0 )  (17 1 )  (19 1 ) 
at node 61 l r 29 29
 (0 0 )  (2 1 )  (3 1 )  (7 1 )  (13 1 ) 
at node 31 l r 30 30
 (0 0 )  (2 5 ) 
