1 
-1
-1
-1
-1
-1
-1
-1
-1
-1
-1
-1
-1
-1
-1
-1
-1
-1
-1
-1
-1
-1
-1
-1
-1
-1
-1
-1
-1
-1
2 
-1
-1
-1
-1
-1
-1
-1
-1
-1
-1
-1
-1
-1
-1
-1
-1
-1
-1
-1
-1
-1
-1
-1
-1
-1
-1
-1
-1
-1
3 
1 2 
-1
-1
-1
-1
-1
-1
-1
-1
-1
-1
-1
-1
-1
-1
-1
-1
-1
-1
-1
-1
-1
-1
-1
-1
-1
-1
-1
-1
4 
1 3 
1 2 1 
-1
-1
-1
-1
-1
-1
-1
-1
-1
-1
-1
-1
-1
-1
-1
-1
-1
-1
-1
-1
-1
-1
-1
-1
-1
-1
-1
5 
2 3 
2 1 2 
-1
-1
-1
-1
-1
-1
-1
-1
-1
-1
-1
-1
-1
-1
-1
-1
-1
-1
-1
-1
-1
-1
-1
-1
-1
-1
-1
6 
2 4 
1 3 2 
1 2 1 2 
-1
-1
-1
-1
-1
-1
-1
-1
-1
-1
-1
-1
-1
-1
-1
-1
-1
-1
-1
-1
-1
-1
-1
-1
-1
-1
7 
3 4 
2 3 2 
-1
1 2 1 2 1 
-1
-1
-1
-1
-1
-1
-1
-1
-1
-1
-1
-1
-1
-1
-1
-1
-1
-1
-1
-1
-1
-1
-1
-1
-1
8 
3 5 
3 2 3 
1 3 1 3 
2 1 2 1 2 
-1
-1
-1
-1
-1
-1
-1
-1
-1
-1
-1
-1
-1
-1
-1
-1
-1
-1
-1
-1
-1
-1
-1
-1
-1
9 
4 5 
2 4 3 
1 4 1 3 
-1
1 2 1 2 1 2 
-1
-1
-1
-1
-1
-1
-1
-1
-1
-1
-1
-1
-1
-1
-1
-1
-1
-1
-1
-1
-1
-1
-1
-1
10 
4 6 
3 4 3 
2 3 2 3 
1 3 1 3 2 
-1
1 2 1 2 1 2 1 
-1
-1
-1
-1
-1
-1
-1
-1
-1
-1
-1
-1
-1
-1
-1
-1
-1
-1
-1
-1
-1
-1
-1
11 
5 6 
4 3 4 
1 4 2 4 
1 4 1 3 2 
-1
2 1 2 1 2 1 2 
-1
-1
-1
-1
-1
-1
-1
-1
-1
-1
-1
-1
-1
-1
-1
-1
-1
-1
-1
-1
-1
-1
-1
12 
5 7 
3 5 4 
2 4 2 4 
2 3 2 3 2 
1 3 1 3 1 3 
-1
1 2 1 2 1 2 1 2 
-1
-1
-1
-1
-1
-1
-1
-1
-1
-1
-1
-1
-1
-1
-1
-1
-1
-1
-1
-1
-1
-1
13 
6 7 
4 5 4 
2 5 2 4 
3 2 3 2 3 
1 4 1 3 1 3 
-1
-1
1 2 1 2 1 2 1 2 1 
-1
-1
-1
-1
-1
-1
-1
-1
-1
-1
-1
-1
-1
-1
-1
-1
-1
-1
-1
-1
-1
14 
6 8 
5 4 5 
3 4 3 4 
1 4 2 4 3 
1 4 1 4 1 3 
1 3 1 3 1 3 2 
-1
2 1 2 1 2 1 2 1 2 
-1
-1
-1
-1
-1
-1
-1
-1
-1
-1
-1
-1
-1
-1
-1
-1
-1
-1
-1
-1
-1
15 
7 8 
4 6 5 
2 5 3 5 
2 4 2 4 3 
2 3 2 3 2 3 
1 4 1 3 1 3 2 
-1
-1
1 2 1 2 1 2 1 2 1 2 
-1
-1
-1
-1
-1
-1
-1
-1
-1
-1
-1
-1
-1
-1
-1
-1
-1
-1
-1
-1
16 
7 9 
5 6 5 
3 5 3 5 
2 5 2 4 3 
1 4 1 4 2 4 
1 4 1 4 1 3 2 
1 3 1 3 1 3 1 3 
-1
-1
1 2 1 2 1 2 1 2 1 2 1 
-1
-1
-1
-1
-1
-1
-1
-1
-1
-1
-1
-1
-1
-1
-1
-1
-1
-1
-1
17 
8 9 
6 5 6 
3 6 3 5 
3 4 3 4 3 
1 4 2 4 2 4 
2 3 2 3 2 3 2 
1 4 1 3 1 3 1 3 
-1
-1
2 1 2 1 2 1 2 1 2 1 2 
-1
-1
-1
-1
-1
-1
-1
-1
-1
-1
-1
-1
-1
-1
-1
-1
-1
-1
-1
18 
8 10 
5 7 6 
4 5 4 5 
4 3 4 3 4 
2 4 2 4 2 4 
3 2 3 2 3 2 3 
1 4 1 4 1 3 1 3 
1 3 1 3 1 3 1 3 2 
-1
-1
1 2 1 2 1 2 1 2 1 2 1 2 
-1
-1
-1
-1
-1
-1
-1
-1
-1
-1
-1
-1
-1
-1
-1
-1
-1
-1
19 
9 10 
6 7 6 
3 6 4 6 
2 5 3 5 4 
2 5 2 4 2 4 
1 4 1 4 2 4 3 
1 4 1 4 1 4 1 3 
1 4 1 3 1 3 1 3 2 
-1
-1
-1
1 2 1 2 1 2 1 2 1 2 1 2 1 
-1
-1
-1
-1
-1
-1
-1
-1
-1
-1
-1
-1
-1
-1
-1
-1
-1
20 
9 11 
7 6 7 
4 6 4 6 
3 5 3 5 4 
2 5 2 5 2 4 
1 4 2 4 2 4 3 
2 3 2 3 2 3 2 3 
1 4 1 4 1 3 1 3 2 
1 3 1 3 1 3 1 3 1 3 
-1
-1
2 1 2 1 2 1 2 1 2 1 2 1 2 
-1
-1
-1
-1
-1
-1
-1
-1
-1
-1
-1
-1
-1
-1
-1
-1
-1
21 
10 11 
6 8 7 
4 7 4 6 
3 6 3 5 4 
3 4 3 4 3 4 
2 4 2 4 2 4 3 
1 4 1 4 1 4 2 4 
1 4 1 4 1 4 1 3 2 
1 4 1 3 1 3 1 3 1 3 
-1
-1
-1
1 2 1 2 1 2 1 2 1 2 1 2 1 2 
-1
-1
-1
-1
-1
-1
-1
-1
-1
-1
-1
-1
-1
-1
-1
-1
22 
10 12 
7 8 7 
5 6 5 6 
4 5 4 5 4 
2 5 2 5 3 5 
2 5 2 4 2 4 3 
1 4 1 4 2 4 2 4 
2 3 2 3 2 3 2 3 2 
1 4 1 4 1 3 1 3 1 3 
1 3 1 3 1 3 1 3 1 3 2 
-1
-1
-1
1 2 1 2 1 2 1 2 1 2 1 2 1 2 1 
-1
-1
-1
-1
-1
-1
-1
-1
-1
-1
-1
-1
-1
-1
-1
23 
11 12 
8 7 8 
4 7 5 7 
5 4 5 4 5 
2 5 3 5 3 5 
2 5 2 5 2 4 3 
1 4 2 4 2 4 2 4 
3 2 3 2 3 2 3 2 3 
1 4 1 4 1 4 1 3 1 3 
1 4 1 3 1 3 1 3 1 3 2 
-1
-1
-1
2 1 2 1 2 1 2 1 2 1 2 1 2 1 2 
-1
-1
-1
-1
-1
-1
-1
-1
-1
-1
-1
-1
-1
-1
-1
24 
11 13 
7 9 8 
5 7 5 7 
3 6 4 6 5 
3 5 3 5 3 5 
3 4 3 4 3 4 3 
2 4 2 4 2 4 2 4 
1 4 1 4 1 4 2 4 3 
1 4 1 4 1 4 1 4 1 3 
1 4 1 4 1 3 1 3 1 3 2 
1 3 1 3 1 3 1 3 1 3 1 3 
-1
-1
-1
1 2 1 2 1 2 1 2 1 2 1 2 1 2 1 2 
-1
-1
-1
-1
-1
-1
-1
-1
-1
-1
-1
-1
-1
-1
25 
12 13 
8 9 8 
5 8 5 7 
4 6 4 6 5 
3 6 3 5 3 5 
4 3 4 3 4 3 4 
2 5 2 4 2 4 2 4 
1 4 1 4 2 4 2 4 3 
2 3 2 3 2 3 2 3 2 3 
1 4 1 4 1 4 1 3 1 3 2 
1 4 1 3 1 3 1 3 1 3 1 3 
-1
-1
-1
-1
1 2 1 2 1 2 1 2 1 2 1 2 1 2 1 2 1 
-1
-1
-1
-1
-1
-1
-1
-1
-1
-1
-1
-1
-1
26 
12 14 
9 8 9 
6 7 6 7 
4 7 4 6 5 
3 6 3 6 3 5 
2 5 2 5 3 5 4 
2 5 2 5 2 4 2 4 
1 4 2 4 2 4 2 4 3 
1 4 1 4 1 4 1 4 2 4 
1 4 1 4 1 4 1 4 1 3 2 
1 4 1 4 1 3 1 3 1 3 1 3 
1 3 1 3 1 3 1 3 1 3 1 3 2 
-1
-1
-1
2 1 2 1 2 1 2 1 2 1 2 1 2 1 2 1 2 
-1
-1
-1
-1
-1
-1
-1
-1
-1
-1
-1
-1
-1
27 
13 14 
8 10 9 
5 8 6 8 
5 6 5 6 5 
4 5 4 5 4 5 
2 5 3 5 3 5 4 
2 5 2 5 2 5 2 4 
2 4 2 4 2 4 2 4 3 
1 4 1 4 1 4 2 4 2 4 
2 3 2 3 2 3 2 3 2 3 2 
1 4 1 4 1 4 1 3 1 3 1 3 
1 4 1 3 1 3 1 3 1 3 1 3 2 
-1
-1
-1
-1
1 2 1 2 1 2 1 2 1 2 1 2 1 2 1 2 1 2 
-1
-1
-1
-1
-1
-1
-1
-1
-1
-1
-1
-1
28 
13 15 
9 10 9 
6 8 6 8 
6 5 6 5 6 
3 6 3 6 4 6 
3 5 3 5 3 5 4 
3 4 3 4 3 4 3 4 
2 5 2 4 2 4 2 4 3 
1 4 1 4 2 4 2 4 2 4 
3 2 3 2 3 2 3 2 3 2 3 
1 4 1 4 1 4 1 4 1 3 1 3 
1 4 1 4 1 3 1 3 1 3 1 3 2 
1 3 1 3 1 3 1 3 1 3 1 3 1 3 
-1
-1
-1
-1
1 2 1 2 1 2 1 2 1 2 1 2 1 2 1 2 1 2 1 
-1
-1
-1
-1
-1
-1
-1
-1
-1
-1
-1
29 
14 15 
10 9 10 
6 9 6 8 
4 7 5 7 6 
3 6 4 6 4 6 
3 6 3 5 3 5 4 
2 5 2 5 2 5 3 5 
2 5 2 5 2 4 2 4 3 
1 4 2 4 2 4 2 4 2 4 
1 4 1 4 1 4 1 4 2 4 3 
1 4 1 4 1 4 1 4 1 4 1 3 
1 4 1 4 1 4 1 3 1 3 1 3 2 
1 4 1 3 1 3 1 3 1 3 1 3 1 3 
-1
-1
-1
-1
2 1 2 1 2 1 2 1 2 1 2 1 2 1 2 1 2 1 2 
-1
-1
-1
-1
-1
-1
-1
-1
-1
-1
-1
30 
14 16 
9 11 10 
7 8 7 8 
5 7 5 7 6 
4 6 4 6 4 6 
3 6 3 6 3 5 4 
2 5 2 5 3 5 3 5 
2 5 2 5 2 5 2 4 3 
2 4 2 4 2 4 2 4 2 4 
1 4 1 4 1 4 2 4 2 4 3 
2 3 2 3 2 3 2 3 2 3 2 3 
1 4 1 4 1 4 1 4 1 3 1 3 2 
1 4 1 4 1 3 1 3 1 3 1 3 1 3 
1 3 1 3 1 3 1 3 1 3 1 3 1 3 2 
-1
-1
-1
-1
1 2 1 2 1 2 1 2 1 2 1 2 1 2 1 2 1 2 1 2 
-1
-1
-1
-1
-1
-1
-1
-1
-1
-1
