319.20
611.00
611.00
442.36
452.27
611.00
133.12
610.88
155.90
611.00
268.91
611.00
157.84
1.13
83.91
610.78
611.00
34.29
598.95
305.44
32.88
582.87
611.00
611.00
3.84
595.03
447.11
611.00
84.88
403.63
491.18
472.96
495.04
611.00
610.90
96.90
355.46
508.39
512.84
595.77
64.16
611.00
611.00
611.00
18.32
197.13
487.15
30.82
609.50
571.45
23.25
149.45
549.84
610.97
235.43
12.55
515.23
611.00
557.23
216.52
418.40
611.00
611.00
242.12
21.91
513.09
610.91
255.22
1.01
521.83
578.27
255.92
600.84
468.79
538.58
12.69
494.05
49.45
433.33
556.75
28.10
545.78
251.67
365.37
232.43
407.94
610.86
538.00
242.66
125.70
609.91
465.17
61.19
580.84
611.00
330.06
602.36
246.82
610.65
607.74
611.00
593.09
610.77
605.28
40.46
589.37
574.87
144.32
484.41
606.31
590.63
569.55
611.00
191.01
548.28
555.76
609.27
611.00
611.00
5.96
358.78
473.12
539.03
600.28
520.83
85.42
6.34
172.48
608.31
537.98
457.40
208.95
171.34
607.82
87.52
464.84
611.00
508.27
606.73
611.00
218.18
610.91
365.46
610.41
369.40
521.37
21.59
521.59
81.40
85.20
593.21
283.74
610.84
590.98
96.43
594.97
83.89
611.00
611.00
610.88
75.29
610.27
15.72
567.42
93.43
4.21
1.01
610.97
590.80
491.01
556.08
611.00
610.53
611.00
225.14
610.99
549.83
357.38
397.24
1.69
427.83
12.11
554.70
541.86
426.11
1.53
502.77
154.37
317.53
187.46
501.38
193.43
426.29
531.63
109.07
466.24
498.02
381.08
611.00
106.88
510.45
608.26
602.47
224.37
92.76
235.21
23.00
610.82
576.58
100.99
304.13
584.16
53.21
354.53
611.00
611.00
114.04
601.50
609.66
445.76
611.00
610.99
574.00
611.00
606.65
151.85
605.28
120.93
95.80
599.24
610.99
7.54
603.61
611.00
610.14
611.00
605.59
611.00
446.23
611.00
217.42
440.55
609.57
513.43
576.63
99.78
240.42
74.58
355.50
610.96
224.99
267.07
199.77
197.47
611.00
131.03
593.24
609.70
575.44
9.86
60.77
360.56
610.99
247.63
611.00
607.13
556.36
427.04
610.99
611.00
609.49
604.47
608.49
8.73
453.71
135.23
1.15
235.27
604.21
529.98
1.61
611.00
591.30
4.20
189.24
605.26
276.19
611.00
553.30
549.16
178.64
586.49
85.98
611.00
589.88
422.10
611.00
444.73
358.79
611.00
585.20
597.07
389.81
596.94
547.21
22.17
611.00
606.18
476.39
366.42
610.94
611.00
611.00
438.88
156.89
34.02
505.32
112.37
611.00
507.19
591.06
560.10
2.73
510.31
337.45
23.42
610.88
94.01
5.00
13.73
430.04
611.00
611.00
281.37
2.13
595.94
3.65
532.16
122.03
2.30
610.99
157.89
175.63
20.15
405.53
328.99
611.00
611.00
46.34
594.34
414.14

2211.18
2667.00
711.88
1047.80
2667.00
2481.70
2635.28
2615.76
2662.92
2666.93
14.41
116.10
1013.91
2667.00
2628.71
2645.66
777.54
2599.38
400.99
2667.00
1336.76
2654.91
508.55
637.38
2666.43
2062.79
1541.85
2667.00
2666.94
2666.90
2667.00
1894.54
230.72
135.56
2040.82
2666.71
2580.65
1258.04
2667.00
141.06
2664.11
2667.00
2656.40
2666.98
2667.00
1790.99
312.44
541.32
1198.56
2666.26
2662.48
2642.83
2646.30
2667.00
2035.91
1344.08
2656.83
2663.87
2667.00
2667.00
2667.00
311.06
1074.54
858.33
2162.72
531.70
1030.94
2253.35
2658.51
382.79
2667.00
107.71
2572.69
2448.40
1613.48
1809.73
2667.00
2437.59
2616.05
2663.69
2388.20
364.31
472.06
1015.60
213.43
2539.11
2597.77
132.78
479.35
2666.98
182.61
2667.00
2205.71
2614.91
2667.00
2666.06
2667.00
2663.47
2592.92
2666.90
2597.42
624.67
204.85
317.85
776.11
1614.78
2666.61
2667.00
2667.00
226.43
2318.92
1496.87
2360.62
1872.76
1908.10
1997.54
1740.76
2351.22
121.13
2560.55
23.15
1730.35
297.64
1900.93
2610.15
1021.21
2637.10
2666.96
1777.21
1590.64
2408.65
2662.06
372.70
2661.01
745.56
1407.93
2667.00
2650.54
2666.98
1999.51
2623.66
1781.84
1020.64
2666.79
1661.89
2667.00
1275.11
2293.31
1285.37
1994.95
1107.33
2475.73
2666.48
2666.78
284.50
1506.11
2104.42
2600.90
2667.00
2667.00
2594.96
259.83
2667.00
2109.03
323.46
812.78
2657.66
2477.08
2667.00
4.82
586.62
43.53
2662.99
1506.69
219.10
2466.33
2346.50
1525.96
2589.15
1948.58
2342.39
2456.49
1160.18

516.75
538.00
537.88
507.74
530.18
91.95
516.67
537.92
384.67
33.94
497.70
9.80
5.55
523.89
310.78
410.26
378.61
450.89
526.64
537.53
536.89
373.91
522.86
466.28
1.14
55.98
538.00
530.45
214.38
156.18
39.35
137.27
537.42
508.52
188.60
538.00
243.87
538.00
537.48
371.35
80.84
538.00
480.48
538.00
313.49
260.49
525.76
518.23
538.00
45.25
144.72
444.86
522.02
44.91
392.88
538.00
152.82
532.43
538.00
537.91
536.16
535.41
448.53
73.96
20.42
100.34
532.29
412.03
536.33
34.85
52.25
101.50
514.47
50.90
512.00
532.44
538.00
538.00
524.00
173.66
373.91
167.43
470.54
75.73
537.27
514.74
123.23
538.00
527.70
528.86
65.26
390.12
537.94
241.67
538.00
88.04
538.00
389.07
24.22
374.27
174.86
458.39
19.83
11.84
538.00
135.11
538.00
538.00
538.00
537.22
526.09
302.17
538.00
538.00
511.92
538.00
75.55
180.02
450.11
261.68
538.00
24.05
537.94
537.78
537.91
214.42
499.27
502.07
538.00
281.70
538.00
506.09
378.39
15.75
493.59
502.21
484.88
537.78
10.29
145.99
231.83
466.92
446.72
387.59
82.60
531.56
230.00
3.46
403.84
436.07
538.00
521.80
61.95
143.25
518.19
42.41
538.00
532.14
537.39
410.49
6.66
223.13
83.14
537.94
536.87
533.61
538.00
43.61
136.13
537.44
359.07
160.90
534.74
7.36
271.17
486.09
81.20
104.32
538.00
340.65
478.16
538.00
537.10
359.48
33.04
535.27
516.95
365.61
270.95
402.14
538.00
473.16
10.00
349.47
214.62
523.08
4.48
262.89
538.00
535.68
517.95
512.31
197.32
538.00
92.04
11.28
506.50
124.47
447.30
280.39
87.49
538.00
199.97
500.67
538.00
13.41
537.55
326.00
46.71
57.75
457.03
476.59
104.14
86.68
28.09
33.23
1.55
526.57
514.71
149.71
535.30
510.17
496.10
463.20
419.07
537.34
538.00
299.11
17.42
147.30
6.70
86.68
538.00
126.92
114.93
16.28
51.00
538.00
537.78
538.00
538.00
538.00
61.76
79.03
514.25
4.09
316.14
467.10
146.03
252.29
149.55
535.46
535.55
538.00
485.47
14.07
538.00
437.26
538.00
538.00
533.48
538.00
487.04
478.18
512.48
9.36
42.04
377.14
538.00
534.02
537.29
293.72
303.73
299.86
35.75
514.77
135.41
278.39
523.89
538.00
538.00
538.00
538.00
537.82
49.45
394.17
276.10
537.58
380.58
488.87
538.00
534.25
536.46
144.64
538.00
52.57
463.64
521.59
203.81
537.91
25.72
360.29
531.51
364.65
300.71
536.49
491.28
208.90
343.83
485.78
18.90
536.34
526.36
459.80
537.76
533.20
389.80
228.91
526.29
538.00
525.07
538.00
382.29
136.64
241.45
221.71
536.94
338.80
538.00
509.78
441.36
427.60
527.71
155.63
349.63
360.05
236.23
537.99
519.92
391.94
395.11
537.94
537.96
538.00
336.25
538.00
9.09
39.46
534.37
168.41
530.59
185.36
147.83
78.13
125.48
1.09
155.31
56.12
249.12
538.00
537.28
526.82
537.71
534.51
242.55
502.21
537.97
498.08
48.28
538.00
538.00
7.72
523.65
512.41
301.94
538.00
128.02
265.83
24.29
528.59
534.24
189.58
76.02
538.00
135.99
487.68
45.51
70.62
537.85
47.36
538.00
537.97
23.58
538.00
1.00
364.14
281.20
317.54
537.47
160.30
535.89
538.00
536.48
498.74
538.00
22.22
523.83
393.28
538.00
326.20
471.50
537.75
537.86
179.29
99.50
486.76
26.04
456.78
414.27
80.17
467.09
537.77
466.01
448.57
195.60
53.93

23.37
2281.12
236.63
1962.85
2176.85
2285.99
2286.00
999.45
1491.48
203.38
1845.33
2286.00
2277.81
1770.59
453.97
930.29
2285.98
2286.00
2282.65
1360.45
2285.89
2250.76
2286.00
2286.00
2094.51
2286.00
2255.31
30.09
1573.84
2285.98
1195.35
795.22
2042.98
1945.80
1248.15
2222.73
1943.11
2286.00
2286.00
2286.00
2171.37
982.18
1582.53
2286.00
413.52
2276.20
2251.43
2281.25
951.29
2285.80
248.38
2225.67
206.53
302.20
1510.28
2286.00
245.92
2285.68
2274.60
2285.19
2277.62
2285.91
1414.01
2048.66
2263.36
178.15
2213.82
792.15
139.76
2286.00
1005.13
2280.04
142.49
2244.12
1671.00
1612.20
1975.39
2286.00
1812.31
410.81
233.69
2286.00
1417.00
424.12
2285.47
2271.57
1542.89
127.27
2286.00
234.99
20.10
116.79
1042.65
94.72
2267.64
2286.00
589.96
191.03
295.77
1533.11
2286.00
241.75
14.44
395.89
253.53
2273.20
1401.91
1966.10
395.06
2286.00
2285.39
365.38
2054.26
2286.00
1580.82
2243.90
2286.00
1957.71
660.86
2285.34
1633.36
2286.00
104.86
2280.91
607.19
340.14
1044.82
729.81
2219.59
1694.73
2069.70
2274.00
1459.43
2247.60
2145.71
55.50
2286.00
2286.00
2286.00
883.01
2285.90
2225.46
1304.14
2263.63
2.49
2285.80
4.11
537.80
2285.65
2064.72
2178.30
1539.47
2270.49
2278.58
527.20
1767.48
2286.00
2285.63
2047.69
2286.00
2279.88
2286.00
2286.00
2159.51
1139.25
1654.28
35.73
1249.26
2003.53
2285.99
2285.23
2275.99
798.37
2286.00
2188.22
1717.53
2218.97
2129.64
2285.63
1851.64
2286.00
1591.62
2285.95
2018.00
2245.95
64.82
719.78
16.22
2286.00
98.87
2286.00
778.51
2042.91
2286.00
2286.00
2285.39
2135.56
2238.92
2110.57
1140.52
2228.70
2286.00
1885.13
2210.92
313.97
1679.98
11.40
264.73
1171.76
2286.00
2285.98
2275.13
2286.00
2260.15
1446.62
165.03
2286.00
2202.00
1741.38
699.93
213.79
1777.38
2138.44
2281.43
2286.00
2286.00
2210.45
2272.00
1047.47
435.39
397.88
202.27
2285.52
2266.78
1648.33
1293.62
2187.42
2285.99
2284.86
2286.00
2285.81
2090.66
326.14
2285.98
2285.38
2070.88
7.72
952.59
462.16
960.94
2286.00
1329.64
1908.40
644.34
2286.00
2286.00
1985.01
2285.14
1862.45
1709.94
1630.64
2281.71
161.49
2280.75
2069.88
276.71
2286.00
2286.00
2286.00
1884.86
2228.72
457.42
2260.84
2283.93
2205.35
534.04
2282.81
2266.91
916.35
2195.32
2274.44
1277.95
2286.00
2286.00
416.20
9.91
2283.10
1994.38
956.18
104.81
2271.44
2286.00
2015.37
671.10
2198.22
2207.31
814.81
2269.16
1123.62
1840.40
2285.96
577.33
27.10
2286.00
232.52
2227.38
1777.08
778.76
2285.90
2285.17
2231.27
2115.52
1518.77
1554.56
149.31
1677.02
2252.70
250.80
304.47
1064.50
2252.36
1238.24
1380.19
100.17
2111.20
2219.12
1741.57
125.15
204.00
2099.13
2286.00
713.26
1554.20
434.30
2222.58
2286.00
2246.25
2282.39
2261.34
2286.00
1484.35
1902.99
3.88
1195.97
2285.67
2286.00
2285.98
2270.52
2283.80
2286.00
942.10
273.97
1430.14
163.59
2286.00
2286.00
946.21
2116.81
1947.67
1985.61
442.30
387.16
1364.98

1350.00
1216.57
1339.36
98.50
113.99
159.41
1330.03
1349.86
1350.00
513.49
584.37
811.84
1349.31
1341.72
977.88
1012.69
965.77
37.27
1350.00
65.61
1226.08
1302.52
1345.09
3.79
80.19
1342.70
1296.95
894.36
1014.08
1244.67
112.65
1332.98
1349.92
20.42
76.62
1347.86
1286.94
171.07
1086.73
1270.63
1346.64
953.56
669.63
821.84
1346.75
1350.00
1350.00
182.09
1138.17
26.94
1350.00
30.67
191.05
1225.70
382.63
178.46
362.58
317.94
1252.44
1350.00
1005.70
224.57
1349.90
718.40
472.65
1349.87
1180.25
1154.01
1349.46
1349.91
1350.00
969.51
1350.00
1349.59
1045.07
1349.96
1341.21
1350.00
1084.50
1304.91
1346.21
108.39
1235.40
58.28
506.86
1350.00
59.20
1345.51
467.57
1350.00
893.56
1350.00
1350.00
1009.77
1144.02
1139.44
1350.00
1277.62
28.93
1349.69
1343.98
1349.37
1097.02
956.39
4.45
1350.00
1082.99
1232.70
1349.42
189.84
177.14
1087.25
190.01
222.37
1292.06
1349.98
1350.00
1350.00
108.30
1350.00
1350.00
1350.00
58.55
1347.12
766.37
1350.00
1331.02
1293.84
461.51
1234.62
1350.00
299.22
577.00
1342.04
1350.00
1095.67
1155.76
123.29
105.07
1350.00
901.05
732.97
209.16
1348.37
1340.83
303.33
403.29
771.67
1089.10
1127.37
75.56
736.98
1347.77
154.77
627.12
93.71
779.46
608.83
393.48
1350.00
1269.34
1350.00
1348.01
1349.68
154.72
1320.63
1350.00
507.95
1329.32
1161.34
1350.00
1327.05
1345.67
331.50
24.07
1347.08
18.52
404.25
1191.68
1350.00
1350.00
1331.69
17.94
1145.47
1349.98
259.73
241.33
1325.28
1348.93
212.99
1350.00
956.46
1042.52
1349.99
1049.80
1350.00
3.78
117.12
196.17
1196.42
494.64
132.30
1350.00
1349.92
451.24
1350.00
161.52
501.56
1286.58
958.34
1348.10
5.91
1.08
391.03
37.15
762.37
514.99
1059.35
124.31
1281.28
1350.00
1350.00
1204.86
743.94
1019.07
184.04
1340.70
952.59
1331.56
56.43
854.71
1307.06
1349.95
1335.93
395.92
1343.78
1349.44
1.74
1350.00
1349.35
6.94
1346.69
182.81
971.48
1350.00
1150.51
1.63
1350.00
351.28
938.08
1303.56
1325.17
1286.02
1006.47
5.81
555.45
1043.45
10.89
1349.92
1263.74
464.91
1350.00
1350.00
1350.00
987.34
848.29
1350.00
1350.00
402.78
1123.75
234.91
1.21
1259.57
1288.94
110.33
213.21
47.29
1345.65
1350.00
87.76
1238.50
1047.65
46.68
1350.00
1327.73
1343.20
1344.35
1105.89
1350.00
246.02
117.45
1338.81
1349.98
1350.00
1348.13
1326.69
1337.06
1028.03
1265.16
148.94
205.21
1350.00
1345.03
1350.00
1335.65
746.84
705.54
1258.81
1350.00
1316.55
1318.23
1346.51
1349.94
1349.72
162.76
885.12
142.77
1318.54
1315.70
272.68
1349.60
57.19
770.86
551.20
1350.00
1350.00
1350.00
1350.00
1343.89
1313.21
186.77
1349.97
138.13
1347.89
135.48
1349.97
1348.71
1340.61
1350.00
521.77
1106.21
813.80
1347.99
1344.31
1346.40
141.27
1082.14
590.17
945.01
9.98
800.85
1334.89
178.63
622.51
1350.00
1291.61
950.80
1280.65
766.66
215.55
1350.00
1.39
1245.76
418.61
694.93
467.80
778.68
1348.28
1334.58
937.69
1166.37
1051.08
345.47
389.45
1350.00
1237.03
160.45
1343.34
476.44
687.69
447.75
638.77
292.73
23.43
1350.00
146.21
236.55
1035.15
1350.00
1350.00
142.22
1350.00
1205.44
1025.21
619.47
1343.71
1339.05
163.24
1349.96
1350.00
1106.36
1349.92
34.39
819.02
1347.08
1350.00
1043.13
1350.00
1271.55
710.96
7.63
1348.16
586.45
1349.06
600.63
1347.48
377.49
1306.99
1346.93
403.29
1350.00
1209.92
1225.73
1337.38
1244.93
322.84
6.01
1283.61
394.22
405.77
277.70
309.89
1349.99
1350.00
1329.77
21.32
21.14
28.66
968.25
1072.45
1350.00
324.00
300.19
1261.91
1350.00
1350.00
1350.00
723.28
1131.49
832.59
233.27
1172.35
1350.00
1221.60
845.53
33.84
1350.00
1350.00
456.06
1348.13
1336.16
1349.76
1268.39
1.68
309.33
1335.82
385.22
1349.98
1349.73
659.90
1238.26
1347.85
114.96
1349.86
1344.08
1347.68
1118.39
1350.00
1350.00
1350.00
1349.50
1349.86
55.30
40.98
1346.25
511.91
1168.85
1320.74
1268.63
1349.94
1231.64
1298.43
1350.00
1285.34
1342.11
62.08
1349.67
135.62
8.33
998.53
1311.80
61.09
1350.00
1335.89
1343.36
562.98
1284.22
632.59
1347.95
171.19
825.58
1289.35
1274.92
1109.23
861.82
1349.20
1350.00
1348.41
734.86
946.52
1317.16
1350.00
339.39
1350.00
1331.87
2.13
536.95
1056.19
1350.00
627.20
1350.00
63.97
1350.00
1334.84
302.35
1346.78
1336.69
711.01
1336.69
1225.29
33.46
877.89
930.63
1277.36
1350.00
546.96
1345.90
887.21
1183.58
1350.00
9.79
1349.79
489.28
1332.67
264.76
693.64
379.47
1276.89
725.49
1345.12
1350.00
443.03
1344.78
1342.28
1350.00
1296.17
233.51
838.55
9.33
488.97
795.57
1350.00
639.13
27.65
1334.11
1349.58
1092.99
1347.70
1272.72
425.48
1071.45
1349.94
8.19
1205.65
910.23
190.25
511.42
1289.75
1346.05
1349.88
1348.61
721.20
1347.10
1100.67
8.37
1349.59
1183.62
670.23
755.64
115.38
1349.57
1160.73
240.24
1350.00
875.86
1349.69
25.00
1086.73
73.30
1350.00
626.71
1196.31
748.04
1293.60
1034.78
1339.52
499.22
1.00
271.75
596.80
512.23
102.90
1350.00
1350.00
1121.69
1350.00
1346.21
806.19
942.47
1.13
532.92
957.29
1349.19
1054.30
40.86
1123.89
85.98
1113.02
671.78
8.30
69.54
1226.04
561.94
1350.00
1321.25
1008.67
1349.77
1289.02
1350.00
884.61
1350.00
1200.80
1350.00
1298.41
1349.19
560.68
245.71
1350.00
1350.00
1350.00
131.43
1350.00
1003.65
182.29
392.69
1350.00
1340.17
1170.13
1349.19
1273.85
281.79
571.98
1350.00
1172.66
112.51
1349.58
1339.74
1350.00
328.87
1018.02
653.85
1160.53
1334.28
1340.88
1004.78
1348.23
737.27
965.42
1349.98
1350.00
1054.23
1350.00
1272.23
1282.01
1350.00
20.24
1088.70
1349.97
726.47
142.83
1350.00
1349.41
1195.34
252.19
539.73
1233.34
1316.92
1350.00
862.30
1274.44
42.83
1112.07
446.50
1317.60
333.35
1310.86

1167.00
1.34
1167.00
82.22
1153.04
229.87
364.51
1165.20
278.71
1123.55
1167.00
1166.29
496.79
1129.99
1166.17
247.39
1135.76
51.65
971.19
1166.13
1161.45
1023.71
105.93
760.64
1148.01
1166.99
681.08
1.07
1162.20
1165.54
879.39
859.71
1159.08
30.87
1162.26
714.22
568.14
484.99
908.02
383.63
393.61
494.54
1166.93
611.25
1156.69
1167.00
1088.56
1164.32
978.79
1167.00
19.00
1167.00
1163.23
174.83
667.04
214.68
1167.00
996.46
225.16
1166.98
909.84
1167.00
1166.99
1077.42
67.95
1167.00
1143.60
991.36
234.46
837.21
1116.03
915.03
986.40
1166.70
648.06
1.81
231.63
734.22
1157.36
1166.97
1167.00
174.07
1.97
1079.86
1144.25
1166.98
111.78
1013.61
1064.75
959.64
57.53
1167.00
1.17
1163.97
1166.96
1167.00
1166.57
1164.68
877.39
1164.38
1130.29
855.57
1166.91
193.98
14.79
1166.46
1166.33
1147.25
890.66
119.67
1162.30
1164.23
331.38
1167.00
973.70
125.58
1163.67
1123.60
1165.16
1167.00
711.74
505.84
455.40
754.14
24.33
1162.73
930.88
159.18
10.43
1162.52
1166.31
1167.00
967.29
1112.64
200.63
720.25
1166.86
225.69
998.00
690.51
860.76
221.15
983.18
1106.82
1.05
1006.76
1129.99
1126.65
1159.27
326.49
425.13
510.40
605.59
1126.64
1163.35
13.90
838.06
1166.73
1167.00
984.51
7.83
462.61
1093.57
689.71
745.34
90.21
71.38
463.69
24.85
1007.03
1163.30
242.12
1165.84
117.38
515.28
536.52
294.07
478.84
1136.68
83.97
1155.87
351.32
1166.42
334.88
1140.45
1160.66
1106.85
447.11
318.77
1035.40
1139.80
1165.88
1095.86
413.09
267.22
835.63
774.80
797.60
1166.97
683.39
1144.40
249.53
5.39
19.39
149.64
27.52
1167.00
1092.91
533.98
494.68
1167.00
37.80
852.29
1166.45
1166.37
1164.74
1167.00
531.42
779.31
1086.41
19.15
145.63
1163.05
20.88
562.42
554.38
1167.00
1167.00
1132.91
1085.24
1167.00
1167.00
830.72
1165.73
822.54
1.62
1162.36
1167.00
1101.08
658.20
1167.00
1162.51
1103.95
1162.31
908.82
1007.53
913.60
128.45
71.08
1161.66
918.11
1167.00
1167.00
1166.80
1159.32
903.72
1076.86
1167.00
1167.00
1140.69
64.69
1067.76
16.16
68.27
1059.83
1161.17
1158.32
42.04
1159.27
44.71
1167.00
1001.99
1124.95
1167.00
1166.98
847.83
378.69
161.57
26.74
309.38
754.02
1102.04
1166.97
1.04
715.37
1166.10
244.12
1151.11
1156.60
1152.14
1165.09
22.95
1153.04
1167.00
1157.24
975.57
1167.00
535.65
53.03
1163.89
966.39
1167.00
1167.00
1148.27
135.90
15.80
50.73
1167.00
1155.96
1162.46
1010.76
276.43
1161.23
94.59
51.63
1110.10
1044.17
1163.57
1145.75
1141.96
17.68
822.85
540.06
85.71
559.96
1167.00
688.96
1157.75
995.77
967.26
229.06
1166.64
814.56
928.72
1145.69
1167.00
1167.00
614.27
164.90
897.31
1163.23
1.09
1165.11
282.99
764.46
1167.00
923.43
429.59
1111.25
1167.00
497.78
1167.00
37.46
96.17
1120.14
124.77
1167.00
586.97
757.62
1119.92
1118.90
1159.39
818.29
1167.00
1167.00
17.04
209.80
171.53
784.81
1161.11
924.63
1166.22
185.53
1150.20
1153.33
1167.00
1166.96
830.22
1153.30
1109.75
22.10
10.35
1166.93
557.10
178.97
1167.00
5.58
53.58
1129.03
1167.00
1157.91
1166.96
1157.67
8.56
14.27
202.13

1201.00
1186.81
989.21
1.09
1196.58
272.65
1199.44
1201.00
282.10
865.22
1137.98
1201.00
630.25
1195.57
531.74
184.88
231.03
39.37
695.46
812.66
38.81
620.29
646.13
1005.76
1201.00
12.20
1197.93
1198.98
903.05
395.24
2.21
1200.88
1200.99
1192.76
864.55
672.49
38.14
1201.00
648.30
57.06
950.95
989.04
651.64
1201.00
1074.25
169.22
506.71
967.26
659.28
1201.00
10.38
1.10
245.89
1103.87
1172.68
699.67
1189.31
281.26
300.23
381.31
1201.00
1200.40
921.10
1134.17
1199.86
827.29
1201.00
1195.28
896.28
1201.00
498.58
1201.00
1200.73
391.25
360.56
30.65
1200.80
1014.09
1199.84
1200.06
591.25
1201.00
635.52
1201.00
1200.73
609.52
735.52
76.49
414.69
1201.00
1194.23
570.93
527.99
891.25
139.62
902.06
719.84
606.69
1181.75
1192.36
1198.71
1201.00
495.81
925.50
725.66
774.19
821.74
93.48
1199.25
228.13
1181.30
1085.16
890.82
1149.42
1129.11
930.29
1201.00
199.81
1.02
1172.49
215.68
1200.95
937.72
808.41
345.93
553.30
1201.00
1201.00
1201.00
1200.61
1201.00
12.46
1201.00
1201.00
437.22
1201.00
1137.31
1200.68
1094.87
830.55
802.88
834.18
787.93
287.03
1197.10
277.56
86.64
1200.73
999.68
2.23
1086.57
1197.98
1198.20
1195.88
1104.12
1192.81
58.30
1201.00
1199.81
250.11
1195.06
1201.00
346.27
461.77
632.31
405.34
71.65
1183.66
1199.35
744.14
288.92
419.53
106.37
1182.03
182.34
1193.47
982.72
1200.91
463.76
1.41
428.93
1200.91
390.08
1200.56
1072.81
1201.00
1200.50
1201.00
952.83
1201.00
932.24
135.45
990.57
1201.00
1196.85
1198.80
293.55
3.48
714.30
885.16
480.18
629.51
1201.00
811.22
464.32
1197.24
1201.00
153.20
1174.28
683.79
1201.00
1201.00
1201.00
15.52
1098.95
854.30
303.56
476.97
996.24
1201.00
23.35
685.53
1167.14
1201.00
1201.00
646.66
1166.51
295.07
6.74
1200.78
757.96
843.11
1035.04
1008.51
998.12
1146.86
1201.00
503.62
938.73
555.33
80.08
1178.00
1181.35
109.09
1201.00
1071.05
153.72
1201.00
1188.44
1081.75
1201.00
1194.58
1051.47
237.92
2.01
1098.31
1201.00
375.60
1183.93
8.32
449.14
1058.85
1201.00
360.56
540.42
1201.00
535.63
7.00
1195.89
453.55
1201.00
855.85
1153.66
1201.00
1199.57
1196.06
1200.99
179.58
2.92
33.21
1201.00
674.88
315.57
1201.00
1201.00
1198.83
824.14
847.96
1201.00
1201.00
1195.79
593.55
1201.00
577.49
605.77
1121.28
1201.00
265.42
113.77
410.22
84.17
318.50
520.25
335.37
475.41
1183.72
1200.94
1190.79
1201.00
1188.96
797.29
427.75
1030.16
847.41
1190.75
955.61
1150.81
470.41
75.72
177.27
1200.36
1150.09
1200.62
1201.00
1199.84
1201.00
896.11
544.54
1198.18
124.40
1201.00
1201.00
1200.42
1201.00
1150.64
14.05
818.95
570.00
1199.39
1051.72
1169.19
521.13
698.41
1178.25
875.09
438.78
218.71
1014.51
1065.89
723.10
1200.87
739.85
1178.48
1029.48
273.22
1201.00
247.04
1201.00
48.07
1187.56
1187.40
1148.04
1201.00
12.66
4.49
1201.00
1198.42
19.45
1201.00
104.29
61.58
980.63
995.87
1200.97
313.79
1201.00
835.84
1196.78
1200.46
1201.00
1022.48
489.24
498.94
738.05
17.50
1078.03
1201.00
1165.41
445.61
209.93
630.68
1198.95
11.25
874.98
1200.62
1201.00
206.82
1065.82
1189.44
1201.00
1201.00
1199.66
974.73
1194.11
1.14
689.68
1200.70
340.01
1200.39
522.98
1199.26
414.47
67.62
1200.74
1084.55
1199.32
1144.32
3.11
1010.73
1198.95
721.49
1185.35
392.44
189.35
1143.92
331.69
873.71
121.32
437.95
1186.07
1200.99
1180.74
88.25
1199.49
1003.24
1201.00
431.80
133.74
1189.49
1110.36
1200.86
1200.97
11.63
1.86
1200.61
1201.00
563.19
1200.81
1194.38
1201.00
1201.00
1024.01
147.39
380.74
181.49
938.73
1086.17
1201.00
1200.15
1190.18
571.36
1201.00
1200.96
22.61
1185.34
1080.51
3.38
1194.49
1201.00
1152.37
16.59
796.86
410.86
1201.00
1201.00
1192.35
1201.00
48.27
1077.45
784.74
1126.01
1200.93
50.10
533.13
119.38
262.35
1201.00
365.96
1200.23
1196.26
377.45
922.02
1105.12
1201.00
1200.75
862.05
885.11
410.48
426.19
1201.00
644.46
1148.90
1081.24
311.62
1201.00
351.40
1201.00
43.15
1201.00
1059.13
422.71
91.45
622.35
15.99
1201.00
1198.53
1199.77
1.77
383.82
1201.00
1181.19
348.20
973.01
709.15
1147.45
1185.60
1201.00
1199.39
130.55
493.35
1201.00
1200.97
1191.70
563.69
290.85
3.31
367.46
85.64
1194.50
1192.99
842.35
745.99
1113.91
1200.68
1198.30
1194.92
1197.60
241.83
1118.67
1188.53
1192.57
1199.65
39.72
1164.19
1138.38
1199.00
1201.00
1184.16
900.92
880.30
507.46
1197.93
17.29
1201.00
652.27
1201.00
1155.49
1086.29
1172.72
461.32
694.97
654.77
426.76
1122.77
883.05
1200.99
844.97
28.64
161.34
651.53
630.03
1188.90
700.94
777.47
1191.30
20.62
327.76
3.04
1201.00
393.78
637.75
1195.95
676.48
934.89
1200.53
1168.55
1200.99
29.90
1201.00
7.23
1201.00
677.03
158.79
1198.71
649.23
1185.50
6.62

679.21
441.71
686.75
686.91
368.45
117.64
41.15
73.99
279.25
81.69
687.00
535.52
100.93
685.09
297.81
611.41
687.00
109.29
619.70
667.02
622.71
31.23
657.93
687.00
686.46
140.97
685.04
661.60
528.12
157.33
687.00
687.00
687.00
321.19
566.82
265.33
503.46
687.00
687.00
41.66
558.83
138.90
687.00
687.00
570.76
684.08
596.86
687.00
553.71
683.97
687.00
637.01
642.40
597.94
686.97
144.25
185.61
672.66
652.94
687.00
374.83
461.07
687.00
579.71
14.22
275.36
194.96
128.32
480.83
685.09
412.62
92.00
652.51
679.91
686.90
72.96
686.97
663.43
459.47
195.25
318.76
687.00
687.00
686.79
686.99
687.00
528.84
657.40
620.10
38.20
96.57
661.77
616.65
687.00
686.83
685.61
146.66
534.36
405.85
280.86
410.31
519.00
685.92
393.81
612.31
687.00
621.66
687.00
669.56
686.99
45.73
383.83
610.87
19.17
415.63
394.37
687.00
686.76
65.94
686.00
185.27
687.00
687.00
322.11
25.19
145.98
666.42
687.00
290.79
22.10
687.00
521.13
660.29
686.57
336.68
99.70
687.00
687.00
687.00
684.48
685.47
680.80
681.71
243.93
286.20
22.95
317.46
580.54
517.88
687.00
678.69
115.68
679.32
556.16
327.91
544.76
198.44
511.04
603.93
686.86
612.57
209.33
687.00
56.75
250.87
687.00
672.24
687.00
639.07
250.95
687.00
687.00
511.14
156.68
472.84
666.54
644.86
646.97
687.00
75.56
186.74
663.49
162.69
687.00
687.00
250.09
685.12
687.00
61.69
651.84
686.74
451.01
634.67
687.00
396.57
168.04
686.96
603.45
234.60
687.00
58.78
318.64
687.00
280.53
42.50
655.78
204.35
686.97
687.00
490.43
684.32
687.00
125.71
456.55
1.01
673.94
576.16
581.32
668.71
686.88
359.15
687.00
687.00
683.77
103.99
51.48
235.73
484.09
687.00
372.49
687.00
687.00
110.98
685.82
285.85
686.98
102.84
679.05
89.60
93.63
684.30
107.60
682.17
687.00
350.02
680.00
687.00
674.89
98.16
686.84
686.56
667.83
683.79
403.13
474.05
678.46
687.00
406.73
547.73
321.84
687.00
207.00
187.03
579.65
615.38
627.45
687.00
400.75
398.79
687.00
4.74
323.29
532.40
687.00
684.81
1.02
129.96
687.00
129.26
686.99
687.00
535.84
444.84
555.13
681.30
685.10
685.30
686.99
309.19
687.00
2.96
687.00
5.03
680.25
687.00
687.00
687.00
673.39
685.35
687.00
686.21
685.56
187.93
458.37

1678.91
1771.57
45.77
1803.72
69.58
1801.82
1520.57
1489.25
487.23
749.73
1803.95
1801.36
854.31
1803.99
1804.00
1804.00
1804.00
1795.02
122.11
727.34
870.83
571.54
1750.71
1.43
984.03
1794.84
1655.49
1802.35
449.62
916.23
1800.49
1001.30
2.68
1779.50
1796.31
1804.00
1663.56
1804.00
1790.06
24.52
1804.00
1595.06
1698.87
1413.77
1768.21
1785.34
1804.00
1804.00
1795.28
1252.25
1445.59
1804.00
1771.77
126.41
1384.71
89.69
1801.67
1804.00
155.27
59.34
1785.50
1017.20
1803.94
1290.68
1777.40
1795.57
1455.58
419.37
1720.87
1509.10
1802.07
998.67
819.95
1017.20
1803.81
192.57
1704.84
84.66
50.06
1721.64
1694.65
364.62
1521.93
770.74
1804.00
1432.55
1803.81
1803.83
1149.61
1491.10
1803.82
1608.03
1.26
1320.57
1804.00
1742.66
482.54
1803.69
1734.01
299.14
1802.05
1072.58
1803.82
686.25
1803.49
1803.85
330.39
185.33
118.13
1342.61
1804.00
1804.00
1077.92
1801.58
1746.36
265.63
1803.55
155.53
17.04
589.11
10.20
1797.54
1044.93
195.87
1803.98
1526.15
1.08
1804.00
12.35
1730.02
94.50
1804.00
1803.76
706.51
130.63
1209.37
1627.37
1442.36
702.99
1804.00
1803.87
1152.70
159.50
1595.34
1800.34
1320.42
1804.00
870.49
1526.82
638.16
1804.00
1022.84
50.19
1799.71
290.17
29.79
1572.78
1801.81
1791.88
74.52
37.87
597.29
516.35
111.34
1721.42
1803.37
1709.12
897.82
59.82
900.97
1212.99
958.67
1793.63
1803.65
1382.58
462.37
1804.00
496.95
1781.92
419.09
314.06
1731.51
1675.26
1803.55
1657.81
62.25
1795.92
1804.00
1525.44
727.24
532.51
1208.75
941.35
409.38
1804.00
401.69
7.95
363.29
1804.00
1042.11
496.95
1798.34
1799.02
1781.85
202.69
503.88
1795.49
38.99
343.16
1791.77
1442.36
1686.47
1028.28
1803.95
1804.00
1798.20
27.94
1773.36
526.40
1774.29
1112.71
68.27
1684.34
66.67
86.03
181.09
1803.99
1804.00
1804.00
1803.99
15.57
1201.45
1803.72
1804.00
855.79
1468.72
1804.00
1803.82
12.95
1342.15
1803.99
1420.80
1.10
790.79
300.32
1804.00
863.12
1804.00
505.57
95.42
117.00
1803.99
1800.78
1804.00
1794.63
1795.09
1783.02
1050.68
1789.63
1804.00
1803.21
417.29
1804.00
672.48
1412.63
1804.00
1801.13
1774.03
242.68
157.35
1178.22
1804.00
272.65
1609.24
1804.00
110.04
1781.43
1374.11
1721.86
1666.48
1192.26
1514.18
1445.74
879.83
1767.64
575.25
1712.91
1619.20
113.91
900.53
1631.37
1271.14
535.07
1772.18
1118.25
1641.77
1555.91
1626.91
1804.00
1804.00
1360.40
87.07
1728.55
1339.76
355.13
1804.00
568.86
1804.00
681.74
290.80
469.92
1033.46
1804.00
1804.00
1397.12
1804.00
22.47
1796.18
1718.99
538.67
1306.33
201.44
581.45
489.92
1803.99
1030.92
1738.67
1804.00
94.68
1803.99
204.06
1688.46
152.26
1654.68
940.54
1367.66
882.85
1724.24
173.31
3.73
1804.00
1803.66
1381.54
1765.20
226.34
479.79
807.40
91.14
122.06
1780.68
1804.00
1414.34
1617.31
750.68
1491.47
1800.38
1803.98
1804.00
159.88
1167.43
1800.02
1503.08
78.96
479.62
1684.90
520.85
1804.00
1803.98
1626.64
1804.00
1802.47
1798.15
1803.98
1797.47
97.66
166.10
1804.00
1263.19
1803.78
1803.31
1804.00
1804.00
509.64
1802.84
537.81
995.73

507.00
1284.71
417.97
1452.96
1453.00
150.44
380.16
1452.19
1453.00
464.02
480.30
302.77
1122.89
1186.53
10.08
1390.65
105.86
1443.78
1453.00
1453.00
1453.00
972.31
978.18
697.51
1453.00
1451.92
1436.65
1443.06
1313.46
1452.93
537.10
839.50
1453.00
1161.34
1327.93
1251.99
31.92
1247.38
1453.00
211.19
752.64
113.88
1448.07
463.70
75.11
541.35
1453.00
1448.43
1.25
1453.00
1452.36
203.27
1449.12
1453.00
4.68
46.57
1423.01
1453.00
1298.39
259.51
166.31
1424.16
1.21
1452.90
1288.18
66.97
534.80
460.75
709.02
699.37
21.99
1118.89
1453.00
795.71
1452.74
1453.00
671.61
824.02
1264.23
651.17
101.49
1230.16
1226.30
1344.08
52.66
1449.10
281.23
1450.10
1450.31
388.57
103.74
135.09
74.41
1453.00
1301.51
1452.95
8.72
1451.54
1452.98
1361.74
1198.76
1207.36
1343.94
1453.00
1453.00
1432.48
1447.11
634.39
173.34
1452.97
1365.62
1453.00
1298.62
1432.43
1038.67
1435.43
1108.41
1453.00
1436.24
41.31
143.77
1190.11
434.16
1453.00
1350.55
414.87
309.73
320.64
1428.36
1453.00
1322.08
325.19
495.68
1452.83
1451.69
858.12
41.64
1431.57
1453.00
1084.02
1453.00
323.96
1389.56
897.41
1242.20
42.69
1373.63
1250.57
804.20
707.54
1409.00
1453.00
1312.86
1452.87
1452.02
848.99
1452.97
1453.00
13.80
1136.91
974.08
430.75
1211.04
1452.99
31.65
1028.91
1380.00
89.78
1050.69
1453.00
1445.66
167.60
1450.87
1452.26
1025.34
313.87
1448.96
1450.83
1453.00
1059.95
1396.03
1451.52
1411.38
1453.00
1051.86
1449.20
1421.30
551.50
1394.16
1452.48
1323.51
89.53
280.04
1445.46
1453.00
634.39
275.00
616.40
1295.07
899.33
585.20
3.71
1453.00
136.62
26.97
835.78
1453.00
1453.00
38.42
1449.87
291.45
1426.77
1102.65
8.20
1453.00
1453.00
1290.69
1453.00
235.22
429.15
1367.36
1432.37
1453.00
1453.00
800.52
1453.00
1232.39
18.67
33.48
1452.98
1447.51
1453.00
1419.80
673.37
1.60
141.04
1445.73
1453.00
1452.73
1282.76
173.49
29.55
217.08
1202.97
1104.81
425.92
1.13
307.63
816.39
1443.76
366.19
177.52
485.48
1391.46
1452.38
1233.53
750.57
1145.25
1453.00
642.29
1453.00
1452.48
1035.47
1309.66
1446.09
670.94
1424.12
1393.57
1446.13
1453.00
1453.00
1452.78
466.18
1453.00
1448.76
1058.68
1302.61
1451.25
32.55
1326.62
1390.76
1453.00
1.34
1439.91
1176.68
214.98
1453.00
1162.28
1453.00
1453.00
1244.72
1453.00
1001.39
166.73
642.53
85.10
1445.09
27.81
1453.00
915.68
966.20
490.35
20.97
1451.09
610.92
1449.44
680.03
1429.87
1453.00
1435.87
998.92
39.21
1440.56
1217.01
13.71
613.23
1452.83
652.04
1453.00
195.38
1452.98
1452.27
1453.00
1061.77
1453.00
250.83
676.69
1453.00
1452.90
1452.98
1453.00
1448.61
983.56
1450.62
974.08
649.86
1125.88
1447.32
1379.92
1453.00
1037.05
1366.47
1453.00
1195.21
1453.00
1451.96
1191.38
155.87
1452.97
945.31
1453.00
132.77
3.83
1452.11
1177.63
642.61
1453.00
805.24
129.47
1453.00
92.99
1372.84
1228.44
423.45
1453.00
52.08
1453.00
1097.11
1294.70
1441.00
1425.82
1167.25
538.12
1448.66
1451.44
1013.33
1453.00
1450.31
1452.58
527.86
1151.62
979.03
539.47
1447.48
1363.06
1397.03
1253.03
373.59
1453.00
1452.95
1453.00
1250.96
1453.00
1453.00
1259.81
741.10
1453.00
1013.20
1042.12
1441.51
952.19
1453.00
98.36
1451.82
1452.84
705.95
41.47
226.76
40.63
1232.80
1452.22
1171.88
1453.00
26.74
283.07
1451.56
838.32
638.99
1453.00
649.77
56.08
359.86
989.85
1453.00
1377.58
1445.94
1451.99
120.23
1190.31
39.14
1409.06
1452.92
45.28
1438.86
1452.99
941.57
869.79
1047.32
1453.00
1435.28
295.03
329.66
993.02
1328.34
1321.62
1452.98
902.40
248.39
192.42
1296.38
1146.00
1320.81
9.85
419.92
1453.00
1448.73
1453.00
223.33
1452.95
1374.52
647.52
16.68
1333.02
1449.31
1453.00
1452.94
1452.89
1451.75
1453.00
183.99
603.32
1453.00
989.41
956.75
500.71
1065.43
1429.38
1035.70
1451.17
226.21
786.10
1453.00
1452.99
341.47
1448.50
990.45
934.88
927.72
1222.76
1439.49
1451.01
787.91
1278.35
773.85
72.84
448.30
779.69
1453.00
1447.44
343.72
391.32
819.04
1423.52
1368.25
174.69
658.10
1342.01
92.24
1366.27
825.52
1453.00
1383.25
1453.00
317.68
412.20
677.96
1450.66
1281.27
666.71
1453.00
694.22
1111.61
1398.67
1382.80
1423.06
214.83
1453.00

