14.76461
12.25589
7.07486
4.93197
5.08694
68.56435
0.46641
57.68532
4.96154
41.83124
11.52468
27.72724
4.25760
29.76239
35.27513
34.03059
75.40580
13.41641
15.36627
43.37972
3.60533
65.53027
69.93489
62.20127
27.69022
39.70255
55.51561
19.06749
6.24042
0.69232
34.63697
35.44286
50.18139
22.95243
39.14857
26.39211
24.30178
1.32604
0.19403
4.68537
48.53627
19.36485
4.45021
37.97661
3.65842
35.03556
15.58988
12.01666
59.95465
41.12789
54.98686
2.97368
72.25166
9.78467
24.94822
41.32516
3.99043
5.09367
12.94609
27.73926
35.50222
24.21512
52.17758
15.47597
26.99150
8.20000
14.47592
5.56987
29.01418
6.27059
14.95709
22.05263
10.32665
21.25783
8.20675
32.47200
7.56919
56.59534
59.73851
26.95159
13.87664
8.88920
10.18650
54.67094
4.58441
27.79566
22.88586
22.87030
5.72301
5.82183
22.37503
9.31250
3.78872
0.36030
19.01290
0.46107
12.65697
0.46393
11.57116
32.83623
23.08463
41.21144
62.39035
40.78508
27.41176
18.22227
41.87354
11.01859
36.76768
57.94118
28.12602
40.59648
68.83676
39.57600
2.33109
45.31304
25.45584
41.79971
35.00679
16.94491
64.76587
10.79195
9.95495
0.80000
32.69784
22.56235
7.40969
7.75211
21.47244
46.26691
14.91510
39.93620
8.82568
12.91658
49.50339
24.97622
28.80210
7.49634
33.23742
12.03509
13.37318
34.36236
23.29638
3.05837
8.33155
55.39134
61.49413
33.09381
40.72566
17.70510
37.48793
9.93889
39.39013
22.04849
27.86104
39.20000
16.01787
8.40307
9.02134
35.46677
1.10940
26.35230
31.65564
2.92169
38.07731
75.44232
35.56620
1.38172
10.69016
0.41717
6.49540
0.69327
56.03306
20.91376
31.67446
2.05050
3.14006
20.44885
8.80820
17.22825
93.07431
102.14157
4.40011
52.23766
17.77882
34.34766
8.27532
3.43872
2.87120
47.83603
4.36564
10.37338
14.13996
90.54016
23.98772
4.41965
2.22834
32.18661
1.09383
25.86290
22.51760
0.08082
11.29368
19.36057
19.69772
21.07978
11.45091
16.05016
41.28197
3.84610
21.18357
30.40426
14.51133
55.83184
4.02965
20.51083
42.32309
42.11529
0.37175
4.37816
4.42296
19.79858
9.32943
31.86977
2.99822
27.39026
11.99306
10.60660
9.09396
10.04927
14.36940
30.44175
7.50181
46.67156
30.85255
82.94638
1.69941
70.45252
7.34938
6.33004
31.38360
47.21389
37.09100
6.66795
5.35222
36.22250
13.51560
23.19857
20.83458
55.34359
30.91876
2.01302
24.58978
24.44010
20.20000
19.67740
15.93429
72.70625
0.54489
24.76888
14.99718
51.57687
2.47798
14.75613
8.58302
17.09833
24.49610
39.02091
62.94452
1.07029
5.44632
17.84227
8.45043
45.53680
1.70451
20.79788
28.14427
18.79478
0.24608
31.13090
55.47002
4.62486
3.60769
10.34250
31.52246
13.72814
9.39939
39.26830
1.41421
42.43701
59.44153
12.28877
66.68371
5.14496
63.33944
38.02517
4.07159
20.38297
24.19897
49.80933
12.81357
23.22446
16.94711
20.93843
60.81924
29.42665
4.95527
35.80000
38.56166
36.98577
21.24569
43.10060
3.71721
10.72029
21.38195
7.18559
2.90619
48.40329
48.93969
28.91044
14.62482
5.51437
15.98744
2.42162
19.86349
4.00775
9.19239
54.52933
39.35480
2.95277
4.27263
0.77801
70.93626
27.90419
19.84556
53.25270
33.74809
37.62864
20.20255
55.67273
35.17003
28.99188
14.45173
40.88907
13.99893
14.21073
4.19090
55.53153
3.76125
31.74133
38.51937
7.49440
14.72908
10.28599
51.45476
31.82905
28.02218
23.05486
7.05914
2.45109
49.92590
25.16185
18.20191
49.82295
36.02255
9.72983
53.84890
34.04007
60.89608
31.66924
32.19081
44.27189
0.00000
3.09732
3.79473
4.93082
5.26965
20.98443
39.48653
0.16550
17.33245
11.31371
30.94223
33.56608
10.44971
49.44313
7.65747
9.17061
33.31244
11.75256
41.38099
50.82945
1.57751
3.59139
13.36581
33.43325
22.70314
26.54954
52.38324
13.59779
33.81570
3.66875
22.36345
19.13716
20.54660
40.06322
30.55811
44.89897
55.87148
7.61351
45.48102
55.65953
71.86731
21.50349
37.18952
41.82353
45.75891
60.65025
19.93961
31.90917
10.85515
24.49187
15.75108
58.66498
29.81651
45.61579
20.59660
30.98402
43.99280
12.21324
14.94819
34.89598
15.24346
52.12512
42.25333
4.57338
51.57152
19.47272
33.72162
19.73463
59.30686
22.82313
15.58323
31.88900
4.41190
25.62258
6.32225
4.75998
24.52825
37.43486
6.00813
18.37337
18.82035
32.26673
20.74940
30.49055
33.53095
9.21746
21.13650
19.03267
19.31516
36.31754
13.37436
23.74075
72.20200
46.42312
27.12484
8.23193
18.47152
36.89168
14.61833
9.17755
21.88046
23.46466
38.08722
43.61209
68.26121
31.62177
6.65995
13.27266
38.13427
60.43252
66.28882
8.30010
52.92906
33.74871
32.38774
31.69449
52.08457
30.82543
8.06192
0.31785
46.66905
37.96951
4.60317
46.64827
33.53009
2.68328
7.58004
18.24476
35.96928
4.08609
17.35781
35.81791
14.99436
4.22632
13.26570
52.38360
9.27618
52.21264
5.25874
2.06130
7.77599
30.91035
11.72799
0.11000
5.96981
10.59272
27.03635
4.57582
67.08028
4.80878
10.71171
0.22215
6.33614
12.50274
6.38225
12.90030
1.82436
18.05686
32.07503
56.22084
12.29275
37.11967
2.41264
29.15926
5.64160
39.23371
72.38902
9.93324
14.00500
30.44959
1.71791
45.37904
23.06910
51.55302
4.93022
4.21578
51.60994
63.92272
19.12375
10.05246
15.31704
42.42856
74.62740
6.46220
26.20020
27.65975
13.56656
2.04319
3.33421
33.45651
32.18475
27.86328
32.24441
30.06219
24.71770
30.13952
30.98127
1.09322
52.64182
7.78036
8.03164
5.56047
13.30049
12.93745
8.86107
36.46715
29.66286
34.21878
34.79406
3.04960
8.25012
5.03032
7.65938
14.41425
36.20761
29.65663
6.77954
7.16223
42.36644
30.45968
10.88571
6.31794
1.15462
19.84936
28.75504
30.42866
3.53553
65.09868
22.83447
20.11415
10.43240
33.05372
19.92316
10.75316
0.66474
23.13226
1.67302
4.68726
35.36301
19.99843
8.30329
21.80511
32.80000
5.49784
3.07413
52.89329
5.22012
7.89705
28.31408
16.36520
13.61345
15.10835
8.02612
15.66268
15.80807
34.57649
63.84037
29.37292
8.97229
54.03736
0.41400
32.33090
28.83194
19.51901
40.24922
11.08876
5.26530
8.80282
30.01228
9.16771
13.03818
2.89001
30.79045
30.06847
37.46783
30.23751
14.11589
3.60291
43.77698
56.95516
19.72084
14.90032
46.69072
15.89182
29.68208
7.00201
3.88877
25.30484
0.35033
20.71470
47.50544
3.63563
23.53674
10.43761
0.84421
16.10974
11.05375
38.66564
1.90555
42.42641
36.69510
17.02925
25.48352
5.96679
18.20599
19.55399
53.74012
13.57937
82.40433
41.08989
6.29332
13.37862
12.48377
22.69139
15.35701
33.54745
14.71009
7.33756
76.40063
15.37838
19.01341
50.84137
16.91748
1.14018
12.62341
21.37516
37.12479
8.06063
21.14946
18.48855
16.09969
6.44548
33.49555
45.77980
6.65378
0.71768
9.94285
56.65340
23.24204
25.00992
45.28831
1.16022
21.27789
1.28122
12.89996
3.18042
32.78808
57.35731
11.55308
66.99594
29.38600
26.31778
0.90904
0.30828
47.48212
1.15561
12.63857
7.62629
15.17148
27.85430
3.10087
16.47471
5.18072
3.15598
2.80788
0.97953
9.59364
29.40138
17.14027
28.50484
54.81675
1.99505
52.99523
22.19137
63.31908
20.74354
22.59764
24.93037
38.58974
65.86808
26.68538
14.34207
14.63334
29.30637
36.66112
2.07418
5.17358
77.51964
12.78801
39.27399
21.35946
0.58132
6.72650
5.14361
18.22911
19.02359
5.43977
10.98988
14.14214
41.39820
21.65813
6.82793
21.38505
46.48107
44.13842
20.51415
24.56121
5.74107
28.74089
1.23630
39.42910
15.76081
18.73683
9.50194
32.70640
36.12536
8.81319
34.84128
1.49958
0.70990
50.45845
30.57171
4.25499
13.31903
6.21395
19.72367
43.09617
2.37019
5.12728
19.23582
13.88722
69.96518
27.55124
22.51236
26.67876
60.02352
30.36263
40.70845
53.91752
11.94887
17.07401
43.36320
31.42663
17.20387
3.70127
11.76845
21.19889
20.76237
18.95062
7.82034
1.62830
25.46142
20.90785
38.93583
4.06595
20.71969
19.98112
5.49786
50.35200
17.93596
4.99617
42.71930
2.32495
23.90682
13.44602
3.75752
22.36646
14.61681
43.80497
14.11831
21.54844
68.78265
5.50376
9.34718
18.53745
11.60726
6.92654
19.86487
0.55709
15.78561
42.24342
1.13324
9.27216
43.20756
10.57121
1.20672
1.14843
19.02223
46.86875
23.34679
43.96206
6.63003
4.42084
24.54464
6.22706
31.20858
31.65611
3.93964
22.26730
9.98437
23.40732
24.73434
44.79026
14.63529
1.69433
25.85040
52.88993
57.15489
20.92178
5.20103
3.75143
9.36105
80.19230
4.49288
21.96899
37.43677
12.28662
5.62112
52.63430
11.80351
54.03156
19.88764
39.19865
8.16411
34.06311
70.43687
7.64308
44.20368
12.35158
19.51274
17.38158
19.60659
47.29269
15.20232
32.04305
13.77535
7.35827
40.91917
8.38860
18.85850
44.33516
24.73150
1.01375
2.49535
59.01519
4.16634
11.27490
32.18274
8.12317
6.48491
19.32464
41.66945
29.82598
9.76215
2.53311
48.08085
31.68836
2.45422
0.28884
5.53094
9.61530
5.96698
22.18801
14.10094
20.98940
13.29616
7.68022
2.62067
51.40023
1.35438
15.23960
45.29643
38.71204
9.03668
13.81985
32.74713
30.69576
24.26790
18.47287
11.18034
18.99545
37.30106
23.10362
26.80602
0.28642
16.48168
18.06683
33.52325
43.70648
8.58075
1.88196
17.12819
39.34260
19.36245
38.55702
13.52212
14.46919
17.24007
2.98787
16.61903
10.93900
47.31398
12.30839
35.65613
3.59822
1.22613
5.14417
12.78194
6.87101
42.69488
19.59281
46.42205
44.06118
16.57497
24.95262
6.54631
38.79332
2.38126
22.65275
16.20301
6.03619
50.92753
5.74778
2.97896
19.72920
3.98182
12.60000
12.03955
