13.95539
2.96753
16.76305
0.00000
20.00000
21.92760
42.47081
14.43862
16.60311
21.61908
0.00000
0.00000
30.86467
19.94055
9.04583
10.17955
23.57755
0.00000
28.87205
47.44071
0.00000
0.00000
9.05539
0.77992
5.09117
22.77341
14.64053
19.08647
17.19855
40.42948
1.34164
0.00000
51.03920
0.00000
1.29115
34.01470
0.00000
0.00000
31.40064
15.64799
5.83095
64.64504
79.51033
38.01316
29.39992
20.09975
36.05551
12.76346
49.49747
14.82768
18.00641
16.50430
31.01612
3.93539
2.69666
0.00000
74.63243
0.00000
36.71512
0.00000
0.00000
17.13751
0.00000
69.31089
49.23695
29.87882
0.00000
0.00000
9.24799
1.13260
0.00000
10.78060
43.20695
2.05860
6.08276
28.01785
37.15284
0.00000
3.29129
41.98003
13.34166
32.31099
12.85965
0.00000
6.00551
40.98294
45.39824
25.96151
5.28871
10.46058
6.79100
31.40064
22.38788
13.31094
36.30870
21.09502
23.71185
15.00000
20.95220
42.57340
8.90650
26.03244
0.00000
0.00000
29.27669
3.81981
21.35573
47.11467
27.45906
34.34391
64.50099
12.90390
0.00000
0.30055
26.40076
2.83016
0.00000
3.78114
55.59117
8.81372
0.00000
17.26652
0.00000
0.00000
19.10497
0.00000
22.09072
37.10795
0.00000
43.22860
22.98455
9.01560
16.71984
54.42426
25.36840
12.09128
52.08647
0.37351
3.87332
0.00000
0.00000
0.00000
24.59296
38.07887
37.10795
24.41343
28.01785
31.62278
3.88057
44.63488
59.07622
44.17069
31.04428
34.18372
33.54635
0.00000
28.96090
0.00000
0.00000
29.06888
0.00000
66.27217
6.12759
6.82347
61.48907
0.00000
25.29822
51.85536
30.70824
64.84597
31.29342
63.07594
25.29898
17.97793
0.00000
35.46830
1.85992
0.00000
0.00000
0.00000
0.33943
1.43853
25.07987
18.27001
3.89960
25.56325
41.59327
36.51684
22.11415
5.37688
29.56612
0.00000
28.74477
29.69145
0.00000
71.05945
63.95100
29.06888
54.00926
20.41610
27.23952
6.49727
5.99854
0.00000
27.65230
0.00000
4.76167
22.02342
0.00000
55.53800
4.94975
46.70708
2.02922
29.35619
39.41121
0.45267
0.00000
34.01470
22.57370
43.04745
47.41897
85.75547
8.26630
5.09902
0.00000
47.76037
10.24316
29.41088
25.61250
2.04339
33.59946
0.00000
7.83728
2.54916
20.12461
7.77622
15.61255
31.52939
32.14032
16.66987
0.00000
69.35416
26.21891
17.11724
18.97370
0.00000
17.51438
0.00000
31.09453
0.00000
0.00000
2.47956
28.28427
2.67947
54.33231
29.61419
1.11519
12.20648
0.00000
12.05176
27.43536
27.45906
0.00000
5.27679
21.09502
9.05539
0.00000
40.74599
14.21267
0.00000
17.86891
35.67171
0.00000
37.29917
66.70367
80.99383
0.72960
30.67556
0.00000
0.00000
0.00000
25.22234
21.60920
16.00000
15.00000
37.15417
21.19275
12.04159
16.15050
2.97977
0.00000
47.51842
12.03797
26.31581
8.53971
7.07107
0.00000
32.28002
27.72528
1.37281
12.80625
67.72001
4.15005
7.98273
0.00000
10.95045
39.00000
26.62705
14.62022
0.00000
51.41252
8.47358
36.56239
22.69950
17.61048
0.00000
18.27905
21.56759
26.66248
19.96917
7.24947
59.03389
0.00000
30.23243
15.08673
52.39275
18.60108
51.78803
0.00000
28.42534
12.85751
4.17343
2.87240
0.99965
30.11887
4.28086
7.53203
0.00000
34.52535
1.71791
31.95449
37.31205
6.66196
24.22546
0.72242
5.96623
0.00000
24.37683
31.25700
10.58472
0.00000
7.19330
52.02026
22.80351
9.97363
11.97699
11.32942
33.43496
23.08679
48.91503
38.48376
11.43755
4.66072
28.14735
2.94415
12.03964
54.00926
29.93550
0.00000
0.00000
3.98661
37.78848
0.00000
0.00000
25.38916
18.97367
20.61553
6.37189
7.15310
6.45387
3.53683
0.00000
44.91102
0.00000
11.79770
12.46669
23.98664
0.00000
31.46966
8.59785
29.62397
18.21077
14.99834
0.00000
76.79193
16.12452
0.00000
0.00000
43.41659
0.00000
0.00000
29.94797
48.35044
35.03353
24.59675
0.00000
41.24446
1.89737
21.35649
18.67524
21.00000
0.00000
0.69010
0.00000
33.73426
0.00000
61.05735
0.00000
9.05538
0.00000
29.69129
27.58623
24.31043
22.53058
50.44799
11.90743
18.72924
12.52996
5.05881
11.73337
14.31782
2.54347
3.16545
0.00000
49.05334
12.90736
25.96676
0.00000
0.00000
12.04159
20.41915
9.37529
0.00000
0.00000
22.24063
5.74367
13.72359
25.28454
0.00000
38.26140
7.17441
17.36128
50.08992
49.66760
1.76166
27.24235
5.15504
24.97773
9.05539
0.00000
23.74285
49.81967
23.47505
8.18074
10.90586
0.00000
51.22252
25.93321
1.46670
47.22050
23.52378
8.82325
0.00000
0.00000
30.38462
2.21359
56.04463
39.20459
0.00000
40.55588
8.97772
1.30096
0.00000
0.00000
13.45346
0.66021
17.02939
4.57360
56.08030
6.40312
9.03977
9.63877
23.66030
22.66898
9.31591
37.80547
8.09365
20.98553
0.87416
13.93481
29.14995
0.00000
0.00000
40.63300
13.59099
6.27460
2.05972
46.61255
0.00000
12.59884
0.00000
59.93204
0.00000
0.00000
0.00000
1.64745
0.00000
2.29606
0.00000
26.88536
0.00000
0.00000
0.00000
0.00000
0.00000
0.00000
22.90078
0.00000
28.15664
0.00000
0.00000
0.00000
0.97779
0.00000
0.00000
1.65144
2.10494
0.00000
0.00000
0.00000
21.28789
9.03311
0.00000
26.42835
0.00000
0.00000
0.00000
6.11263
0.00000
0.00000
7.10437
13.37135
10.88615
0.00000
22.82883
9.10308
2.60919
0.00000
18.08267
52.72043
0.00000
0.00000
16.09725
27.25559
0.00000
0.00000
3.96841
43.63298
21.52657
0.00000
19.33751
18.43912
27.80511
16.98702
5.38486
4.14283
11.30534
24.86451
3.38308
0.00000
0.00000
14.54215
0.00000
8.67485
24.87284
8.22056
0.58961
29.40865
0.00000
0.00000
0.00000
8.35484
0.00000
0.00000
0.14778
0.00000
0.00000
0.00000
0.00000
37.62956
0.00000
0.00000
32.78734
0.00000
0.00000
18.36049
0.00000
0.00000
0.00000
1.82464
0.00000
0.00000
0.00000
4.28073
10.74738
0.00000
0.00000
0.00000
0.00000
0.00000
0.00000
0.00000
10.55006
0.00000
1.03097
11.62290
20.21660
0.00000
30.81609
0.00000
0.00000
0.00000
0.00000
0.00000
0.00000
0.00000
92.99796
34.37944
0.00000
29.55738
0.00000
73.98895
0.00000
14.28069
0.00000
0.00000
7.35203
3.12267
0.00000
0.00000
0.00000
0.00000
0.00000
0.00000
3.61179
0.00000
0.00000
0.00000
0.00000
0.00000
0.00000
0.00000
0.00000
0.00000
0.00000
0.00000
18.02469
28.95926
8.35584
9.23470
0.00000
0.00000
0.00000
22.10969
0.00000
25.98124
6.63439
0.00000
42.20099
0.00000
17.85079
16.44701
0.00000
0.61548
13.37390
20.57022
0.00000
37.62877
0.00000
0.00000
0.00000
2.21762
0.00000
11.31422
0.00000
4.94112
23.22421
0.00000
0.00000
36.87547
9.08511
28.33132
39.45209
0.00000
0.00000
11.14024
0.00000
29.47825
0.00000
0.00000
12.90933
0.00000
0.00000
3.24790
0.00000
50.14567
0.00000
0.00000
25.88129
25.54855
12.25252
0.00000
21.43617
0.00000
0.00000
0.00000
12.35944
12.52959
0.00000
0.00000
0.00000
0.00000
11.50150
63.93925
2.44894
0.00000
0.00000
0.00000
0.00000
0.00000
32.21758
2.46248
0.00000
19.58518
0.00000
10.95855
0.00000
20.00000
47.88581
0.00000
0.00000
0.00000
0.00000
0.00000
0.00000
0.00000
0.00000
0.00000
0.00000
0.00000
0.00000
0.00000
0.00000
0.00000
0.00000
0.00000
0.00000
0.00000
0.00000
0.00000
0.00000
0.00000
0.00000
0.00000
0.00000
0.00000
0.00000
0.00000
0.00000
0.00000
0.00000
0.00000
0.00000
0.00000
0.00000
0.00000
0.00000
0.00000
0.00000
0.00000
0.00000
0.00000
0.00000
0.00000
0.00000
0.00000
0.00000
0.00000
0.00000
0.00000
0.00000
0.00000
0.00000
0.00000
0.00000
0.00000
0.00000
0.00000
0.00000
0.00000
0.00000
0.00000
0.00000
0.00000
0.00000
0.00000
0.00000
0.00000
0.00000
0.00000
0.00000
0.00000
0.00000
0.00000
0.00000
0.00000
0.00000
0.00000
0.00000
0.00000
0.00000
0.00000
0.00000
0.00000
0.00000
0.00000
0.00000
0.00000
0.00000
0.00000
0.00000
0.00000
0.00000
0.00000
0.00000
0.00000
0.00000
0.00000
0.00000
0.00000
0.00000
0.00000
0.00000
0.00000
0.00000
0.00000
0.00000
0.00000
0.00000
0.00000
0.00000
0.00000
0.00000
0.00000
0.00000
0.00000
0.00000
0.00000
0.00000
0.00000
0.00000
0.00000
0.00000
0.00000
0.00000
0.00000
0.00000
0.00000
0.00000
0.00000
0.00000
0.00000
0.00000
0.00000
0.00000
0.00000
0.00000
0.00000
0.00000
0.00000
0.00000
0.00000
0.00000
0.00000
0.00000
0.00000
0.00000
0.00000
0.00000
0.00000
0.00000
0.00000
0.00000
0.00000
0.00000
0.00000
0.00000
0.00000
0.00000
0.00000
0.00000
0.00000
0.00000
0.00000
0.00000
0.00000
0.00000
0.00000
0.00000
0.00000
0.00000
0.00000
0.00000
0.00000
0.00000
0.00000
0.00000
0.00000
0.00000
0.00000
0.00000
0.00000
0.00000
0.00000
0.00000
0.00000
0.00000
0.00000
0.00000
0.00000
0.00000
0.00000
0.00000
0.00000
0.00000
0.00000
0.00000
0.00000
0.00000
0.00000
0.00000
0.00000
0.00000
0.00000
0.00000
0.00000
0.00000
0.00000
0.00000
0.00000
0.00000
0.00000
0.00000
0.00000
0.00000
0.00000
0.00000
0.00000
0.00000
0.00000
0.00000
0.00000
0.00000
0.00000
0.00000
0.00000
0.00000
0.00000
0.00000
0.00000
0.00000
0.00000
0.00000
0.00000
0.00000
0.00000
0.00000
0.00000
0.00000
0.00000
0.00000
0.00000
0.00000
0.00000
0.00000
0.00000
0.00000
0.00000
0.00000
0.00000
