71 92 38 74 L
42 93 20 81 L
97 12 99 17 L
89 25 85 15 L
6 27 95 54 L
8 35 97 62 L
37 33 44 75 L
35 51 38 69 L
29 24 15 6 L
28 31 63 76 L
40 83 60 82 L
67 13 7 16 L
34 35 35 65 L
36 81 35 51 L
93 55 66 32 L
51 95 24 72 L
54 24 5 42 L
75 11 26 29 L
-45 -13 -32 -98 L
-89 -2 -76 -87 L
0 -71 -68 0 L
-83 -1 -15 -72 L
-37 -46 -67 -61 L
-61 -89 -49 -83 L
-26 -59 -32 -98 L
-14 -9 -24 -74 L
-84 -50 -5 -56 L
-3 -86 -82 -80 L
-99 -55 -58 -57 L
-72 -21 -31 -23 L
-89 -10 -82 -52 L
-56 -1 -47 -55 L
-9 -2 -29 -3 L
-59 -80 -99 -82 L
-55 -97 -73 -88 L
-65 -77 -71 -74 L
-11 -42 -92 -75 L
-91 -58 -10 -25 L
11 44 20 26 L
64 35 44 75 L
75 85 47 44 L
50 42 78 83 L
66 33 6 35 L
83 98 53 99 L
2 18 33 13 L
94 74 1 89 L
71 32 73 7 L
5 77 9 27 L
35 90 55 87 L
75 56 95 53 L
67 20 8 42 L
68 62 9 84 L
5 40 47 71 L
47 2 89 33 L
50 37 95 92 L
72 94 27 39 L
89 55 38 2 L
38 11 89 64 L
-79 -85 -1 -41 L
-12 -48 -90 -92 L
-15 -57 -72 -83 L
-2 -13 -59 -39 L
-11 -87 -44 -28 L
-93 -13 -60 -72 L
-54 -71 -12 -86 L
-98 -2 -28 -27 L
-28 -5 -56 -79 L
-8 -17 -36 -91 L
-25 -63 -23 -22 L
-66 -100 -62 -18 L
-4 -93 -56 -21 L
-90 -19 -64 -55 L
-92 -99 -1 -44 L
0 -15 -91 -70 L
-51 -68 -27 -51 L
-18 -43 -90 -94 L
-77 -7 -51 -39 L
-15 -83 -28 -67 L
4 53 100 27 L
23 43 71 30 L
73 69 94 55 L
17 48 59 20 L
48 70 0 83 L
15 99 63 86 L
40 50 46 90 L
52 100 49 80 L
77 64 88 61 L
61 29 94 20 L
4 58 99 16 L
99 20 4 62 L
66 99 3 47 L
75 61 12 9 L
8 14 80 60 L
26 7 62 30 L
53 57 47 59 L
28 78 94 56 L
17 29 56 28 L
55 88 94 87 L
-57 -8 -68 -29 L
-31 -47 -20 -26 L
-55 -1 -4 -30 L
-66 -58 -15 -87 L
-55 -49 -59 -19 L
-54 -34 -56 -19 L
-74 -7 -25 -21 L
-99 -75 -15 -99 L
-28 -45 -87 -4 L
-25 -59 -84 -18 L
-38 -100 -47 -63 L
-15 -89 -33 -15 L
-15 -25 -100 -55 L
-7 -66 -41 -78 L
-72 -6 -36 -72 L
-32 -71 -26 -82 L
-4 -78 -76 -89 L
-5 -73 -77 -84 L
-38 -25 -7 -91 L
-26 -81 -57 -15 L
46 15 22 58 L
32 97 56 54 L
88 2 82 96 L
47 87 50 40 L
77 23 46 87 L
53 17 22 81 L
82 47 89 68 L
12 2 14 8 L
56 3 31 43 L
38 61 23 85 L
85 87 51 28 L
21 30 55 89 L
14 24 94 84 L
25 22 13 13 L
79 82 63 51 L
54 2 86 64 L
71 13 94 44 L
70 21 93 52 L
76 79 63 23 L
49 91 36 35 L
-37 -93 -17 -4 L
-45 -100 -25 -11 L
-3 -80 -20 -90 L
-41 -85 -24 -75 L
-92 -50 -42 -61 L
-3 -47 -53 -36 L
-66 -64 -49 -51 L
-15 -12 -32 -25 L
-38 -55 -66 -88 L
-82 -74 -26 -8 L
-59 -83 -62 -13 L
-51 -78 -54 -8 L
-82 -91 -63 -97 L
-66 -62 -28 -74 L
-72 -66 -12 -32 L
-75 -59 -15 -25 L
-85 -84 -12 -62 L
-19 -5 -92 -27 L
-29 -2 -30 -65 L
-89 -18 -90 -81 L
10 16 40 97 L
58 68 68 95 L
40 55 77 85 L
46 42 83 72 L
19 100 17 8 L
9 49 10 95 L
73 69 65 37 L
67 87 63 71 L
14 98 6 12 L
69 99 61 13 L
65 53 96 93 L
84 85 22 5 L
61 52 70 81 L
78 13 87 42 L
68 74 65 44 L
39 14 46 84 L
45 57 46 43 L
67 70 65 98 L
58 63 9 23 L
71 81 22 41 L
-77 -83 -58 -73 L
-55 -78 -93 -98 L
-8 -24 -3 -42 L
-24 -50 -19 -68 L
-87 0 -83 -11 L
-94 -8 -66 -85 L
-76 -20 -65 -55 L
-85 -4 -63 -74 L
-49 -9 -43 -53 L
-44 -43 -47 -21 L
-51 -23 -95 -90 L
-67 -82 -23 -15 L
-43 -91 -72 -100 L
-64 -98 -35 -89 L
-20 -65 -93 -5 L
-1 -97 -74 -37 L
-68 -81 -43 -3 L
-47 -17 -72 -95 L
-91 -25 -49 -92 L
-46 -75 -88 -8 L
77 56 81 96 L
46 76 41 26 L
69 35 51 89 L
81 72 89 48 L
88 34 80 76 L
51 8 43 50 L
6 49 8 96 L
67 15 69 62 L
75 42 38 45 L
76 1 39 4 L
43 18 59 48 L
13 20 29 50 L
50 24 13 54 L
37 58 74 28 L
93 26 5 9 L
12 53 100 70 L
65 22 2 5 L
19 21 82 38 L
50 63 58 43 L
8 69 2 84 L
-37 -91 -22 -83 L
-27 -20 -72 -44 L
-23 -52 -57 -55 L
-71 -28 -37 -25 L
-75 -49 -61 -86 L
-49 -3 -21 -77 L
-52 -71 -17 -64 L
-88 -8 -98 -10 L
-65 -29 -96 -58 L
-6 -28 -37 -57 L
-82 -88 -52 -34 L
-38 -4 -43 -13 L
-18 -44 -5 -46 L
-56 -84 -95 -78 L
-47 -42 -19 -70 L
-30 -23 -20 -33 L
-87 -26 -38 -54 L
-1 -27 -43 -3 L
-21 -99 -26 -54 L
-67 -2 -66 -11 L
91 68 18 1 L
91 91 18 24 L
45 7 69 22 L
62 94 38 79 L
73 17 48 41 L
72 3 47 27 L
12 63 1 81 L
4 57 26 21 L
70 44 37 88 L
33 92 57 60 L
40 7 82 15 L
49 42 7 34 L
100 29 4 48 L
100 6 4 25 L
44 7 82 66 L
50 30 88 89 L
36 7 51 60 L
50 28 65 81 L
48 66 44 83 L
63 96 71 62 L
-22 -87 -85 -49 L
-75 -1 -12 -39 L
-87 -8 -15 -22 L
-88 -23 -16 -37 L
-24 -35 -77 -42 L
-90 -84 -37 -77 L
-78 -55 -30 -53 L
-2 -43 -98 -47 L
-68 -89 -99 -67 L
-64 -76 -95 -54 L
-92 -42 -83 -32 L
-29 -46 -38 -56 L
-56 -4 -44 -53 L
-80 -11 -68 -60 L
-57 -44 -90 -52 L
-6 -2 -72 -18 L
-85 -97 -77 -87 L
-57 -50 -69 -65 L
-99 -7 -97 -26 L
-58 -79 -56 -98 L
79 34 44 61 L
93 8 23 62 L
50 48 70 61 L
67 75 7 36 L
84 17 59 36 L
50 86 100 48 L
60 14 25 87 L
82 22 47 95 L
53 2 68 68 L
61 51 66 73 L
98 76 33 12 L
78 68 13 4 L
31 34 13 50 L
84 61 57 85 L
18 58 14 77 L
80 62 92 5 L
79 19 87 15 L
79 56 51 70 L
36 48 20 98 L
89 16 65 91 L
-20 -57 -7 -5 L
-47 -92 -34 -40 L
-11 -82 -96 -86 L
-86 -48 -1 -44 L
-39 -15 -91 -94 L
-43 -3 -95 -82 L
-82 -16 -26 -5 L
-66 -53 -10 -42 L
-95 -62 -49 -12 L
-100 -100 -77 -75 L
-72 -40 -75 -10 L
-44 -40 -43 -50 L
-86 -23 -98 -7 L
-22 -43 -25 -39 L
-92 -8 -62 -39 L
-61 -17 -31 -48 L
-57 -68 -50 -90 L
-69 -58 -76 -36 L
-3 -69 -18 -72 L
-69 -73 -19 -63 L
62 77 69 19 L
27 71 34 13 L
29 33 65 9 L
46 23 40 27 L
86 100 85 73 L
56 2 57 29 L
39 36 81 77 L
49 90 7 49 L
44 58 92 63 L
83 65 35 60 L
9 35 72 23 L
55 65 13 73 L
20 73 7 10 L
83 5 96 68 L
9 59 83 15 L
50 76 13 98 L
7 43 32 100 L
5 35 30 92 L
67 15 48 76 L
34 85 53 24 L
-75 -78 -8 -74 L
-15 -74 -82 -78 L
-33 -34 -24 -76 L
-33 -3 -24 -45 L
-12 -37 -64 -12 L
-52 -17 0 -42 L
-88 -44 -95 -81 L
-34 -60 -27 -23 L
-91 -17 -36 -12 L
-36 -33 -3 -30 L
-54 -45 -36 -64 L
-55 -90 -91 -52 L
-100 -79 -8 -2 L
-98 -80 -6 -3 L
-22 -69 -77 -60 L
-72 -64 -17 -73 L
-89 -35 -8 -82 L
0 -63 -81 -16 L
-76 -90 -74 -26 L
-82 0 -83 -32 L
40 3 32 36 L
15 33 7 66 L
98 96 99 9 L
6 2 5 89 L
45 0 69 8 L
1 93 7 95 L
93 83 84 41 L
84 20 96 76 L
77 45 70 23 L
33 79 26 57 L
81 48 22 67 L
23 48 82 29 L
89 64 49 42 L
45 79 25 68 L
68 84 31 37 L
62 63 25 16 L
8 35 86 26 L
90 29 12 38 L
18 10 15 44 L
14 88 20 20 L
-77 -96 -15 -92 L
-76 -48 -45 -46 L
-42 -24 -78 -15 L
-80 -10 -100 -5 L
-71 -46 -20 -7 L
-58 -23 -92 -49 L
-84 -48 -92 -62 L
-58 -31 -50 -17 L
-5 -77 -3 -22 L
-96 -88 -94 -33 L
-46 -77 -38 -17 L
-73 -98 -65 -38 L
-74 -33 -15 -47 L
-97 -23 -38 -37 L
-22 -42 -72 -62 L
-96 -74 -46 -54 L
-30 -58 -57 -80 L
-92 -67 -38 -23 L
-87 -75 -64 -81 L
-6 -95 -29 -89 L
50 34 9 76 L
51 70 92 28 L
1 55 63 43 L
42 70 73 64 L
73 4 67 78 L
70 42 73 5 L
97 74 5 70 L
81 62 12 59 L
97 69 44 91 L
73 58 20 80 L
71 68 79 86 L
37 40 61 94 L
36 97 33 26 L
56 71 53 0 L
69 43 98 22 L
25 89 83 47 L
36 67 54 1 L
24 50 33 17 L
19 68 6 4 L
66 92 53 28 L
-30 -62 -2 -54 L
-16 -62 -2 -58 L
-14 -73 -46 -11 L
-27 -94 -43 -63 L
-17 -51 -64 -71 L
-50 -32 -3 -12 L
-58 -69 -24 -15 L
-44 -74 -27 -47 L
-83 -33 -53 -66 L
-3 -38 -13 -27 L
-89 -96 -34 -33 L
-28 -20 -83 -83 L
-90 -68 -23 -2 L
-9 -17 -76 -83 L
-63 -82 -93 -58 L
-54 -35 -29 -55 L
-85 -13 -3 -44 L
-93 -55 -11 -86 L
-74 -41 -65 -72 L
-68 -63 -77 -32 L
74 83 54 85 L
28 92 48 90 L
54 50 39 4 L
58 48 43 2 L
7 22 87 19 L
82 39 2 42 L
74 20 34 86 L
74 2 34 68 L
32 24 92 50 L
28 57 58 70 L
11 84 69 86 L
69 89 40 88 L
8 50 33 95 L
41 53 46 62 L
24 22 94 44 L
29 11 64 22 L
85 14 42 57 L
59 55 17 97 L
58 70 8 39 L
93 81 43 50 L
-18 -54 -20 -36 L
-8 -53 -12 -17 L
-53 -23 -66 -25 L
-17 -32 -95 -44 L
-7 -28 -49 -61 L
-27 -5 -83 -49 L
0 -7 -25 -55 L
-22 -33 -47 -81 L
-77 -89 -17 -84 L
-15 -37 -63 -41 L
-46 -21 -10 -72 L
-64 -49 -52 -66 L
-77 -14 -37 -16 L
-98 -96 -18 -100 L
-2 -65 -12 -10 L
-7 -28 -11 -6 L
-97 -15 -86 -39 L
-3 -51 -25 -3 L
-22 -62 -99 -9 L
-80 -31 -3 -84 L
23 30 86 95 L
26 24 89 89 L
56 56 23 90 L
21 47 54 13 L
42 16 29 22 L
42 68 94 44 L
47 71 88 8 L
47 3 6 66 L
23 45 34 68 L
29 73 18 50 L
58 31 7 95 L
25 81 76 17 L
10 78 3 69 L
38 55 66 91 L
92 78 4 4 L
69 41 25 4 L
27 9 88 76 L
63 83 2 16 L
52 87 17 58 L
75 79 5 21 L
-55 -87 -87 -54 L
-7 -57 -39 -24 L
-84 -2 -61 -17 L
-67 -50 -90 -35 L
-31 -37 -76 -6 L
-81 -5 -36 -36 L
-41 -52 -17 -1 L
-79 -75 -87 -92 L
-20 -75 -56 -64 L
-48 -92 -84 -81 L
-23 -95 -89 -7 L
-9 -80 -33 -48 L
-62 -97 -71 -79 L
-97 -71 -84 -97 L
-52 -74 -24 -12 L
-46 -22 -74 -84 L
-12 -92 -38 -87 L
-69 -7 -43 -12 L
-11 -98 -15 -10 L
-14 -44 -16 0 L
45 81 73 16 L
40 30 12 95 L
10 78 42 65 L
40 82 8 95 L
48 12 25 49 L
59 92 82 55 L
87 85 94 20 L
91 71 98 6 L
49 85 44 13 L
29 10 34 82 L
44 95 7 46 L
54 94 17 45 L
72 20 19 26 L
12 44 65 38 L
67 81 87 86 L
24 45 28 46 L
79 46 24 51 L
11 13 44 10 L
5 65 73 79 L
50 10 16 3 L
-9 -59 -94 -61 L
-6 -60 -91 -62 L
-78 -53 -22 -94 L
-92 -36 -36 -77 L
-48 -42 -31 -85 L
-49 -88 -83 -2 L
-66 -68 -60 -63 L
-18 -39 -30 -49 L
-67 -93 -58 -66 L
-88 -12 -90 -18 L
-27 -9 -20 -82 L
-25 -12 -18 -85 L
-30 -83 -46 -43 L
-34 -17 -16 -62 L
-8 -44 -22 -86 L
-45 -66 -35 -36 L
-84 -65 -25 -76 L
-31 -94 -90 -83 L
-8 -18 -94 -64 L
-16 -22 -59 -45 L
81 49 80 34 L
51 67 50 52 L
88 29 58 9 L
90 97 0 37 L
26 48 47 23 L
6 79 27 54 L
75 62 28 54 L
73 58 26 50 L
18 75 92 35 L
24 60 61 40 L
21 17 82 13 L
91 44 30 48 L
96 53 58 85 L
71 92 90 76 L
18 27 1 13 L
85 70 17 14 L
46 7 87 87 L
48 97 7 17 L
75 12 52 35 L
71 14 80 5 L
-22 -97 -87 -74 L
-70 -35 -5 -58 L
-62 -95 -17 -57 L
-44 -2 -89 -40 L
-5 -42 -79 -18 L
-88 -28 -51 -40 L
-3 -31 -89 0 L
-11 -99 -97 -68 L
-33 -84 -66 -29 L
-42 -79 -84 -9 L
-88 -57 -79 -22 L
-28 -78 -10 -8 L
-49 -90 -20 -95 L
-34 -54 -5 -59 L
-76 -85 -30 -81 L
-54 -79 -100 -83 L
-32 -12 -48 -37 L
-53 -7 -69 -32 L
-47 -55 -67 -79 L
-96 -76 -51 -22 L
77 52 78 78 L
26 22 28 74 L
29 60 80 42 L
16 51 50 39 L
49 8 82 53 L
40 35 51 50 L
67 0 37 27 L
35 6 15 24 L
4 5 92 45 L
26 38 48 48 L
56 97 13 73 L
7 0 93 48 L
92 35 90 46 L
55 74 51 96 L
71 81 60 85 L
95 67 7 99 L
35 36 39 39 L
52 4 76 22 L
76 83 61 52 L
38 93 23 62 L
-29 -33 -48 -80 L
-79 -58 -60 -11 L
-14 -48 -12 -93 L
-33 -99 -35 -54 L
-65 -66 -66 -78 L
-22 -69 -21 -57 L
-32 -39 -73 -96 L
-15 -9 -56 -66 L
-13 -33 -96 -42 L
-94 -31 -11 -22 L
-22 -72 -50 -32 L
-46 -75 -39 -85 L
-72 -31 -4 -62 L
-13 -50 -81 -19 L
-23 -75 -73 -5 L
-38 -59 -63 -24 L
-74 -30 -8 -38 L
-6 -87 -39 -83 L
-51 -83 -59 -65 L
-33 -3 -1 -75 L
67 19 62 38 L
99 11 79 87 L
58 6 54 55 L
65 100 73 2 L
34 11 63 65 L
80 85 51 31 L
29 62 75 92 L
46 54 23 39 L
95 11 70 81 L
84 49 79 63 L
82 40 1 84 L
15 99 96 55 L
73 29 14 33 L
29 36 88 32 L
51 31 24 4 L
32 25 11 4 L
89 36 41 87 L
16 34 32 17 L
85 7 71 0 L
57 37 71 44 L
-88 -77 -99 -56 L
-95 -70 -84 -91 L
-44 -2 -74 -66 L
-81 -91 -51 -27 L
-6 -83 -83 -25 L
-91 -18 -14 -76 L
-32 -29 -38 -22 L
-98 -61 -86 -75 L
-85 -86 -10 -85 L
-3 -57 -78 -58 L
-70 -43 -86 -71 L
-42 -34 -70 -83 L
-8 -79 -55 -84 L
-32 -28 -79 -33 L
-83 -49 -55 -64 L
-47 -30 -19 -45 L
-36 -63 -70 -38 L
-56 -95 -90 -70 L
-92 -95 -21 -81 L
-24 -61 -95 -75 L
25 95 15 86 L
46 39 56 48 L
47 62 65 48 L
36 26 18 40 L
54 3 17 33 L
47 46 84 16 L
87 99 53 46 L
57 79 23 26 L
78 3 95 38 L
34 6 51 41 L
0 55 81 54 L
81 40 0 41 L
83 88 5 22 L
66 55 1 0 L
97 20 4 30 L
2 26 95 16 L
51 61 7 55 L
44 4 66 7 L
55 90 83 47 L
100 14 72 57 L
-43 -8 -86 -55 L
-32 -43 -75 -90 L
-95 -69 -33 -61 L
-86 -29 -55 -25 L
-42 -62 -75 -26 L
-52 -40 -30 -64 L
-3 -86 -37 -76 L
-45 -89 -96 -74 L
-50 -57 -98 -38 L
-65 -40 -17 -59 L
-75 -69 -28 -63 L
-27 -11 -74 -17 L
-32 -36 -87 -1 L
-19 -82 -52 -61 L
-44 -45 -58 -96 L
-78 -63 -64 -12 L
-28 -38 -86 -72 L
-8 -53 -37 -70 L
-67 -18 -6 -78 L
0 -74 -61 -14 L
32 63 69 25 L
13 79 87 3 L
70 33 35 89 L
18 22 23 14 L
13 44 70 37 L
2 20 59 13 L
89 77 6 57 L
86 95 3 75 L
79 84 42 70 L
48 19 85 33 L
44 49 87 63 L
29 82 72 96 L
23 32 27 11 L
27 63 39 0 L
34 23 17 30 L
20 87 54 73 L
39 41 28 0 L
0 27 11 68 L
78 58 77 13 L
17 54 16 9 L
-64 -80 -11 -100 L
-75 -42 -22 -62 L
-16 -84 -8 -10 L
-42 -25 -46 -62 L
-73 -67 -82 -54 L
-24 -60 -33 -47 L
-69 -60 -45 -36 L
-90 -81 -63 -54 L
-45 -54 -7 -32 L
-6 -35 -44 -57 L
-56 -33 -77 -26 L
-92 -17 -77 -22 L
-3 -9 -86 -14 L
-85 -9 -2 -4 L
-79 -14 -1 -66 L
-30 -53 0 -73 L
-14 -58 -9 -33 L
-43 -96 -24 -1 L
-80 -56 -46 -7 L
-59 -95 -25 -46 L
85 66 12 95 L
4 98 77 69 L
22 77 43 68 L
73 74 59 80 L
5 8 22 25 L
52 71 55 74 L
9 50 45 19 L
75 34 3 96 L
49 4 50 60 L
16 36 17 92 L
20 20 68 67 L
50 64 2 17 L
71 53 11 52 L
38 3 98 4 L
94 47 42 36 L
5 36 57 47 L
53 73 89 85 L
3 66 99 98 L
54 18 45 86 L
11 89 20 21 L
-73 -23 -93 -59 L
-99 -94 -74 -49 L
-45 -6 -78 -69 L
-36 -78 -25 -57 L
-55 -17 -16 -18 L
-88 -67 -10 -69 L
-8 -97 -67 -47 L
-15 -89 -74 -39 L
-20 -33 -53 -15 L
-44 -24 -11 -42 L
-56 -60 -55 -39 L
-41 -26 -44 -89 L
-88 -48 -87 -58 L
-59 -2 -53 -62 L
-96 -8 -48 -94 L
-74 -94 -98 -51 L
-70 -62 -66 -67 L
-44 -52 -60 -32 L
-58 -33 -63 -81 L
-7 -49 -12 -97 L
56 53 93 14 L
42 48 79 9 L
85 91 38 63 L
0 1 94 57 L
95 60 54 51 L
87 62 46 53 L
72 19 2 93 L
64 60 99 23 L
32 85 6 46 L
43 67 37 58 L
89 33 11 48 L
1 29 79 14 L
80 74 38 50 L
33 1 68 21 L
57 8 15 53 L
18 5 4 20 L
39 87 94 55 L
3 56 58 24 L
30 31 9 90 L
95 15 74 74 L
-20 -59 -34 -94 L
-19 -77 -5 -42 L
-7 -17 -30 -78 L
-59 -26 -82 -87 L
-62 -78 -39 -80 L
-6 -27 -29 -25 L
-99 -41 -88 -13 L
-32 -67 -10 -11 L
-25 -12 -46 -19 L
-59 -46 -83 -54 L
-51 -46 -56 -63 L
-9 -35 -14 -52 L
-74 -38 -81 -6 L
-22 -80 -29 -48 L
-70 -4 -65 0 L
-73 -65 -13 -17 L
-73 -8 -88 -97 L
-12 -11 -27 -100 L
-26 -26 -73 -52 L
-77 -77 -30 -51 L
64 62 69 100 L
100 91 95 53 L
18 73 92 94 L
19 62 93 83 L
24 38 78 69 L
7 0 61 31 L
66 81 89 50 L
73 98 96 67 L
14 35 28 11 L
44 100 86 28 L
99 14 18 23 L
63 48 0 55 L
96 83 76 43 L
28 49 41 75 L
48 61 23 12 L
90 98 65 49 L
53 4 18 67 L
79 21 49 75 L
68 3 98 87 L
52 89 22 5 L
-50 -33 -1 -55 L
-62 -41 -13 -63 L
-30 -50 -33 -14 L
-46 -38 -44 -62 L
-64 -72 -94 -65 L
-99 -28 -69 -35 L
-40 -86 -62 -98 L
-37 -67 -81 -91 L
-68 -24 -77 -46 L
-8 -15 -35 -81 L
-67 -69 -48 -96 L
-9 -78 -47 -24 L
-90 -57 -72 -79 L
-71 -73 -98 -40 L
-3 -25 -1 -43 L
-52 -51 -47 -96 L
-66 -1 -77 -47 L
-62 -68 -51 -22 L
-73 -81 -82 -32 L
-40 -74 -49 -25 L
15 55 92 1 L
95 23 18 77 L
29 98 35 25 L
89 92 95 19 L
90 70 39 99 L
79 50 28 79 L
63 80 100 16 L
45 80 82 16 L
50 69 2 71 L
52 37 100 35 L
77 43 58 10 L
89 55 70 22 L
22 65 84 14 L
83 48 21 99 L
65 69 43 77 L
78 71 89 67 L
2 82 75 78 L
16 86 89 82 L
54 95 94 39 L
21 99 36 78 L
-54 -99 -16 -21 L
-82 -71 -63 -32 L
-44 -71 -54 -90 L
-25 -22 -55 -79 L
-46 -100 -77 -55 L
-69 -99 -100 -54 L
-98 -10 -78 -39 L
-31 -74 -51 -45 L
-71 -5 -50 -29 L
-99 -22 -85 -38 L
-55 -30 -1 -79 L
-98 -19 -44 -68 L
-44 -14 -70 -50 L
-49 -73 -23 -37 L
-71 -29 -42 -18 L
-74 -66 -16 -44 L
-83 -47 -86 -32 L
-69 -70 -67 -80 L
-69 -98 -10 -28 L
-84 -83 -25 -13 L
59 46 39 33 L
57 22 77 35 L
94 48 86 23 L
83 77 67 27 L
51 73 78 42 L
49 20 22 51 L
99 12 65 90 L
60 68 77 29 L
35 27 39 56 L
12 34 16 63 L
2 81 8 31 L
83 12 74 87 L
18 77 60 28 L
16 8 4 22 L
1 18 35 30 L
30 57 98 81 L
14 70 34 58 L
20 76 40 64 L
58 64 52 81 L
79 60 85 43 L
-40 -16 -46 -99 L
-8 -85 -2 -2 L
-67 -13 -36 -63 L
-25 -53 -56 -3 L
-45 -94 -92 -84 L
-15 -91 -62 -81 L
-23 -12 -75 -89 L
-96 -81 -44 -4 L
-26 -13 -78 -85 L
-31 -60 -44 -78 L
-58 -58 -56 -6 L
-19 -35 -18 -9 L
-39 -64 -59 -61 L
-25 -22 -85 -13 L
-69 -86 -23 -99 L
-94 -8 -2 -34 L
-46 -67 -92 -85 L
-18 -90 -41 -99 L
-63 -77 -4 -15 L
-17 -19 -76 -81 L
35 62 71 61 L
9 76 45 75 L
8 84 3 27 L
39 1 44 58 L
32 1 35 81 L
96 95 93 15 L
35 83 75 80 L
82 13 2 19 L
24 78 18 67 L
26 99 8 66 L
21 62 23 35 L
74 63 72 90 L
15 27 16 80 L
50 93 49 40 L
55 59 47 50 L
61 17 69 26 L
87 25 39 15 L
90 58 66 53 L
14 95 40 0 L
68 95 94 0 L
-48 -47 -18 -35 L
-55 -83 -25 -71 L
-59 -84 -68 -17 L
-76 -18 -67 -85 L
-45 -42 -62 -28 L
-2 -77 -19 -63 L
-92 -69 -34 -11 L
-42 -85 -35 -78 L
-62 -98 -36 -77 L
-89 -71 -63 -50 L
-46 -89 -58 -17 L
-48 -49 -51 -31 L
-6 -46 -26 -5 L
-54 -54 -74 -13 L
-57 -83 -50 -38 L
-90 -77 -83 -32 L
-85 -92 -100 -62 L
-94 -68 -90 -76 L
-79 -67 -22 -20 L
-78 -76 -21 -29 L
35 47 -37 -67 L
-75 -93 21 59 L
17 76 -36 -2 L
-36 -66 17 12 L
67 58 -57 -76 L
-20 -30 42 37 L
18 6 -23 -43 L
-13 -4 28 45 L
99 47 -21 -70 L
-60 -58 100 98 L
60 94 -90 -78 L
-64 -71 11 15 L
17 90 -46 -89 L
-38 -79 25 100 L
44 44 -64 -68 L
-67 -52 14 32 L
77 48 -10 -59 L
-58 -35 29 72 L
82 94 -72 -92 L
-65 -69 12 24 L
-85 -71 66 27 L
61 86 -90 -12 L
0 -4 14 56 L
11 20 -17 -100 L
-48 -18 87 18 L
35 2 -85 -30 L
-59 -52 85 63 L
50 45 -94 -70 L
-57 -87 74 85 L
42 94 -89 -78 L
-82 -73 34 46 L
65 61 -51 -58 L
-77 -97 39 43 L
14 13 -15 -22 L
-40 -71 80 23 L
55 11 -5 -36 L
-63 -4 96 14 L
93 3 -13 -9 L
-69 -15 95 53 L
86 20 -78 -48 L
85 18 -61 -94 L
-60 -99 86 13 L
28 63 -97 -22 L
-88 -97 62 5 L
48 3 -93 -20 L
-57 -19 84 4 L
38 64 -27 -51 L
-26 -71 26 21 L
40 64 -3 -40 L
-2 -37 41 67 L
28 23 -91 -31 L
-36 -13 83 41 L
19 13 -96 -46 L
-100 -34 15 25 L
87 74 -56 -50 L
-97 -94 46 30 L
83 67 -65 -74 L
-90 -80 58 61 L
35 57 -43 -57 L
-10 -12 42 64 L
-15 -20 2 78 L
12 30 -5 -68 L
-95 -83 47 98 L
76 83 -66 -98 L
-85 -79 13 58 L
95 76 -3 -61 L
-41 -90 71 56 L
44 41 -12 -32 L
-54 -39 45 80 L
65 46 -34 -73 L
-37 -93 46 91 L
42 88 -41 -96 L
-49 -87 100 19 L
75 37 -74 -69 L
-50 -31 22 63 L
36 72 -72 -69 L
-39 -31 44 75 L
2 85 -81 -21 L
-83 -90 91 42 L
20 79 -96 -9 L
4 73 -14 -82 L
-4 -82 14 73 L
7 56 -48 -11 L
-85 -34 25 100 L
98 75 -17 -55 L
-32 -26 60 78 L
25 84 -7 -40 L
0 -6 16 56 L
93 86 -2 -25 L
-72 -37 23 74 L
79 81 -92 0 L
-93 -26 78 55 L
81 99 -22 -36 L
-96 -48 7 87 L
61 20 -43 -15 L
-84 -34 20 1 L
3 42 -87 -77 L
-56 -43 34 76 L
69 35 -35 -79 L
-93 -66 11 48 L
-48 -52 24 6 L
9 76 -99 -11 L
-65 -51 9 45 L
0 2 -37 -46 L
-47 -71 71 54 L
77 75 -41 -50 L
-19 -45 80 37 L
91 66 -8 -16 L
-75 -68 70 6 L
57 47 -88 -27 L
-95 -3 38 98 L
60 21 -73 -80 L
-39 -78 3 78 L
14 94 -35 -88 L
-56 -80 38 0 L
81 71 -60 -49 L
-12 -5 9 7 L
70 10 -7 -34 L
-76 -86 44 8 L
22 8 -38 -39 L
79 39 -57 -8 L
-43 -1 93 46 L
9 72 -26 -63 L
-21 -57 0 24 L
33 47 -2 -15 L
-11 -99 94 87 L
14 28 -100 -58 L
-85 -87 86 42 L
78 53 -82 -5 L
-3 -6 77 23 L
13 80 -96 -51 L
-89 -93 20 38 L
31 20 -25 -31 L
-96 -55 16 47 L
92 99 -33 -18 L
-62 -79 63 38 L
34 82 0 -78 L
-17 -13 0 67 L
97 89 -99 -3 L
-41 -10 57 36 L
-88 -51 16 79 L
15 76 -89 -54 L
-22 -56 84 84 L
21 88 -85 -52 L
-21 -92 43 29 L
58 74 -6 -47 L
-100 -47 9 77 L
32 91 -77 -33 L
-88 -2 43 11 L
59 7 -72 -6 L
-29 -54 13 95 L
24 85 -18 -64 L
-62 -12 30 33 L
21 43 -71 -2 L
-40 -99 48 73 L
36 69 -8 -17 L
-57 -29 48 59 L
100 55 -5 -33 L
-46 -61 81 46 L
86 89 -41 -18 L
57 6 -40 -55 L
-20 -2 77 59 L
23 55 -81 -45 L
-36 -50 68 50 L
61 98 -91 -74 L
-88 -66 26 63 L
46 7 -57 -2 L
-8 -6 95 3 L
68 28 -46 -5 L
-97 -25 55 19 L
15 60 -31 -17 L
-40 -47 6 30 L
80 16 -23 -78 L
-6 -82 97 12 L
78 30 -16 -60 L
-13 -7 81 83 L
44 84 -37 -7 L
-24 -37 57 54 L
12 14 -49 -43 L
-38 -42 23 15 L
-55 -51 13 29 L
58 93 -95 -87 L
-16 -24 76 39 L
20 52 -72 -11 L
-79 -70 26 53 L
43 26 -27 -56 L
-14 -8 12 35 L
15 61 -37 -25 L
-31 -62 55 85 L
67 93 -19 -54 L
-37 -64 59 76 L
48 62 -24 -43 L
-41 -58 34 29 L
19 42 -31 -16 L
0 -53 80 3 L
77 36 -13 -27 L
-92 -69 74 4 L
78 39 -88 -34 L
0 0 13 91 L
4 3 -8 -81 L
34 54 -50 -6 L
-43 -81 76 4 L
68 35 -79 -29 L
-93 -60 54 4 L
100 32 -89 -55 L
-98 -37 91 50 L
0 3 -95 -61 L
-60 -50 35 14 L
75 42 -97 -55 L
-90 -89 82 8 L
73 63 -27 -92 L
-2 -90 98 65 L
89 90 -30 -26 L
-69 -49 50 67 L
95 19 -26 -5 L
-73 -15 48 9 L
40 51 -77 -31 L
-21 -20 96 62 L
64 23 -15 -73 L
-4 -57 75 39 L
-35 -68 2 30 L
24 75 -13 -23 L
-94 -51 41 4 L
70 54 -65 -1 L
-52 -62 55 77 L
71 65 -36 -74 L
-30 -77 45 52 L
61 63 -14 -66 L
-24 -47 63 61 L
64 97 -81 -83 L
-42 -28 15 48 L
41 28 -10 -40 L
-94 -15 35 0 L
39 6 -47 -4 L
-21 -37 37 91 L
44 99 -14 -29 L
-56 -51 20 96 L
63 64 -13 -83 L
-92 -32 76 29 L
91 40 -77 -21 L
89 50 -81 -17 L
-100 -16 70 51 L
63 59 -78 -83 L
-52 -97 89 45 L
63 64 -32 -66 L
-15 -15 23 37 L
16 58 -40 -74 L
-34 -25 8 74 L
33 100 -57 -42 L
-22 -15 23 56 L
80 73 -92 -78 LS
-73 -72 99 79 L
68 15 -97 0 LS
-45 -11 98 2 L
0 53 -82 -84 LS
-54 -68 28 69 L
74 44 -8 -83 LS
-13 -27 69 100 L
58 41 -29 -92 LS
-68 -35 19 98 L
-73 -42 31 24 LS
100 33 -4 -33 L
-34 -70 47 50 LS
72 71 -9 -49 L
-70 -28 8 57 LS
74 49 -4 -36 L
-84 -12 40 8 LS
87 16 -37 -4 L
-97 -93 12 3 LS
63 91 -46 -5 L
-43 -51 61 14 LS
53 43 -51 -22 L
-71 -60 72 86 LS
67 53 -76 -93 L
-39 -68 11 32 LS
72 64 0 -80 L
-69 -20 79 23 LS
74 10 -74 -33 L
-31 -32 22 65 LS
28 65 -25 -32 L
21 3 -11 -33 LS
-13 -22 19 14 L
36 50 -57 -85 LS
-90 -80 34 100 L
69 58 -80 -8 LS
-98 -26 51 40 L
88 87 -78 -20 LS
-71 -31 95 76 L
91 98 -79 -2 LS
-100 -11 2 49 L
1 70 -80 -25 LS
-60 -49 21 46 L
29 56 -21 -84 LS
-29 -17 1 67 L
1 70 -68 -15 LS
-79 -88 59 82 L
80 48 -85 -28 LS
-67 -53 98 23 L
76 17 -85 -89 LS
-97 -80 64 26 L
-70 -87 71 15 LS
73 12 -21 -56 L
-30 -68 84 59 LS
53 90 -61 -37 L
-77 -20 80 98 LS
79 26 -78 -92 L
-24 -30 4 16 LS
21 6 -35 -86 L
-52 -63 29 86 LS
34 64 -47 -85 L
-88 -3 79 84 LS
86 35 -81 -52 L
-56 -24 20 66 LS
18 39 -96 -96 L
-10 -98 73 58 LS
58 93 -25 -63 L
-74 -35 84 84 LS
79 89 -79 -30 L
-69 -47 86 1 LS
89 6 -66 -42 L
49 22 -39 -37 LS
-4 -44 84 15 L
52 73 -11 -29 LS
-18 -41 45 61 L
74 98 -45 -9 LS
-96 -27 23 80 L
43 43 -16 -90 LS
-52 -54 7 79 L
97 70 -82 -99 LS
-82 -94 97 75 L
52 62 -54 -34 LS
-9 -25 44 23 L
48 31 -7 -42 LS
-5 -22 50 51 L
46 4 -1 -2 LS
-39 -6 8 0 L
16 91 -81 -97 LS
-95 -89 2 99 L
66 2 -76 -58 LS
-5 -16 66 14 L
-25 -61 89 38 LS
7 18 -69 -48 L
-26 -97 77 62 LS
100 94 -3 -65 L
-12 -5 23 30 LS
93 40 -46 -99 L
-79 -72 59 70 LS
2 64 -67 -7 L
-77 -63 68 3 LS
95 34 -50 -32 L
-50 -79 18 98 LS
38 79 -30 -98 L
-24 -28 74 74 LS
89 81 -9 -21 L
-78 -88 30 43 LS
47 35 -61 -96 L
-84 -28 77 54 LS
71 29 -90 -53 L
-54 0 0 54 LS
93 71 -16 -38 L
13 44 -41 -8 LS
-64 -49 17 29 L
2 82 -70 -49 LS
-4 -100 68 31 L
6 17 -74 -22 LS
-91 -76 69 2 L
1 54 -9 -74 LS
-3 -78 7 50 L
56 3 -97 -30 LS
-26 -1 25 10 L
85 19 -63 -24 LS
-63 -37 85 6 L
4 99 -52 -72 LS
-35 -93 21 78 L
42 87 -54 -34 LS
-82 -94 14 27 L
37 76 -53 -35 LS
-39 -71 81 77 L
61 86 -65 -47 LS
-90 -52 36 81 L
-28 -92 22 68 LS
14 67 -16 -29 L
-77 -53 4 64 LS
54 2 0 -76 L
-96 -6 44 42 LS
71 35 -34 -1 L
-30 -64 38 53 LS
41 96 -27 -21 L
-14 -33 97 30 LS
68 72 -80 -12 L
-88 -54 27 85 LS
20 50 -95 -89 L
-59 -62 40 15 LS
38 12 -25 -37 L
-69 -29 38 11 LS
58 5 -49 -35 L
-35 -88 90 72 LS
64 4 -11 -92 L
-8 -77 96 25 LS
96 77 -60 -76 L
72 53 -61 -92 LS
-38 -55 95 90 L
27 72 -6 -22 LS
-5 -83 28 11 L
62 71 -97 -75 LS
-86 -90 73 56 L
94 31 -24 -28 LS
-86 -41 28 16 L
25 89 -41 -64 LS
-15 -20 7 31 L
6 8 -57 -43 LS
-88 -25 17 60 L
78 30 -73 -68 LS
-97 -29 54 69 L
34 7 -90 -34 LS
-87 -26 37 15 L
83 6 -48 -13 LS
-53 -13 78 6 L
3 60 -11 -54 LS
0 -46 14 68 L
-72 -52 58 96 LS
93 50 -37 -98 L
-37 -67 46 28 LS
69 19 -14 -76 L
-43 -20 67 94 LS
40 30 -70 -84 L
-100 -8 33 65 LS
67 32 -66 -41 L
-21 -41 4 99 LS
3 100 -22 -40 L
-80 -61 55 81 LS
72 68 -63 -74 L
-82 -71 4 63 LS
19 84 -67 -50 L
-58 -34 53 35 LS
71 31 -3 -15 L
-42 -55 91 57 LS
73 46 -41 -50 L
-88 -14 26 92 LS
72 90 -42 -16 L
24 76 -70 -89 LS
0 -82 94 83 L
21 64 -7 -19 LS
-11 -67 17 16 L
81 0 -52 -99 LS
-93 -46 40 53 L
33 31 -37 -94 LS
-27 -16 1 34 L
65 1 -85 -43 LS
-66 -10 84 34 L
73 96 -65 -92 LS
-3 -6 66 88 L
8 47 0 -63 LS
-1 -81 11 84 L
43 8 -82 -98 LS
-54 -12 71 94 L
1 83 -1 -84 LS
-2 -71 0 96 L
43 43 -92 -33 LS
-100 -23 35 53 L
-59 -88 31 72 LS
29 84 -25 -12 L
-64 -14 96 33 LS
66 40 -94 -7 L
-61 -39 99 25 LS
19 23 -86 -19 L
-3 -56 10 48 LS
5 33 -1 -15 L
-81 -53 5 49 LS
2 71 -84 -31 L
-27 -38 95 74 LS
71 59 -51 -53 L
-40 -66 26 47 LS
13 31 -53 -82 L
-68 -90 1 33 LS
9 53 -60 -70 L
-34 -82 52 27 LS
76 59 -10 -50 L
-56 -13 48 24 LS
71 22 -33 -15 L
74 47 -12 -85 LS
-8 -25 35 41 L
48 37 -42 -91 LS
-6 -10 39 54 L
67 34 -87 -71 LS
-54 -14 34 46 L
15 84 -32 -9 LS
-10 -87 37 6 L
55 52 -21 -2 LS
-64 -35 50 46 L
13 65 -58 -3 LS
-67 -85 75 51 L
22 17 -65 -31 LS
-91 -20 25 44 L
25 47 -63 -32 LS
-15 -74 73 5 L
64 94 -27 -96 LS
-4 -96 87 94 L
34 96 -86 -91 LS
-63 -97 57 90 L
-1 -59 77 63 L
57 78 -21 -44 L
-54 -41 15 29 L
82 42 -56 -98 L
-73 -81 87 20 L
84 96 -76 -5 L
-8 -81 43 55 L
4 27 -38 -85 L
-25 -39 22 80 L
5 76 -42 -43 L
-44 -45 85 100 L
69 60 -60 -85 L
-42 -75 18 63 L
33 24 -17 -91 L
-28 -63 42 13 L
29 53 -41 -23 L
-24 -61 34 83 L
37 96 -21 -48 L
-100 -91 79 75 L
92 80 -87 -86 L
24 66 -79 -14 L
-17 -64 86 16 L
32 23 -26 -8 L
-55 -38 61 24 L
28 56 -86 -32 L
-1 -16 56 28 L
74 78 -90 -52 L
-43 -42 39 23 L
92 11 -64 -2 L
-83 -3 61 9 L
21 32 -43 -51 L
-16 -27 48 56 L
37 30 -63 -84 L
-83 -99 17 15 L
74 19 -28 -38 L
-94 -54 42 22 L
40 88 -72 -73 L
-75 -44 21 94 L
24 91 -19 -100 L
-23 -93 20 98 L
-60 -7 15 31 L
63 43 -87 -33 L
-36 -44 30 22 L
27 39 -70 -58 L
-85 -51 58 87 L
100 70 -43 -68 L
-84 -76 80 4 L
88 32 -35 -28 L
-87 -12 67 54 L
75 50 -44 -1 L
-49 -50 66 83 L
96 85 -19 -48 L
-79 -20 80 48 L
100 6 -59 -62 L
-65 -5 50 69 L
29 3 -86 -71 L
-67 -88 74 49 L
60 64 -81 -73 L
-77 -95 77 52 L
78 19 -32 -86 L
11 20 -45 -67 L
-19 -16 37 71 L
29 53 -2 -19 L
-3 -94 59 50 L
31 90 -24 -69 L
-26 -71 29 88 L
77 91 -92 -21 L
-84 -63 85 49 L
24 32 -35 -12 L
-56 -8 62 80 L
97 52 -53 -4 L
-53 -24 97 32 L
2 15 -32 -10 L
-97 -46 5 29 L
21 71 -19 -11 L
-7 -61 33 21 L
99 65 -44 -30 L
-60 -84 83 11 L
58 4 -89 -60 L
-95 -53 52 11 L
-46 -66 73 18 L
65 55 -88 -53 L
-8 -58 14 60 L
9 25 -13 -93 L
-86 -63 78 79 L
3 15 -79 -56 L
-95 -16 86 63 L
93 11 -88 -68 L
-59 -61 33 60 L
60 45 -32 -76 L
-76 -20 84 14 L
40 9 -40 -8 L
-6 -13 11 78 L
1 97 -33 -85 L
-92 -84 46 90 L
0 42 -92 -74 L
-94 -46 14 48 L
36 41 -72 -53 L
-35 -63 70 43 L
95 7 -10 -99 L
48 27 -100 -14 L
-80 -6 68 35 L
95 51 -70 -20 L
-76 -17 89 54 L
23 88 -39 -37 L
-21 -44 41 81 L
32 73 -22 -14 L
-70 -65 20 80 L
96 42 -29 -100 L
-87 -60 38 82 L
2 64 -70 -55 L
-62 -95 10 24 L
24 92 -60 -93 L
-38 -99 46 86 L
64 58 -1 -11 L
-32 -5 33 64 L
99 89 -80 0 L
-92 -73 87 16 L
64 75 -40 -2 L
-43 -42 61 35 L
-44 -97 64 19 L
27 39 -54 -48 L
-40 -52 87 15 L
34 48 -93 -19 L
-87 -86 81 25 L
83 12 -85 -99 L
-20 -53 36 54 L
38 21 -18 -86 L
-29 -51 45 14 L
18 48 -56 -17 L
-60 -62 2 63 L
47 83 -15 -42 L
-92 -53 78 66 L
48 66 -72 -18 L
-98 -100 67 83 L
53 73 -57 -49 L
-43 -59 51 18 L
83 29 -11 -48 L
-28 -21 46 24 L
20 33 -54 -12 L
57 18 -91 -41 L
-55 -49 93 10 L
22 35 -94 -88 L
-34 -52 82 71 L
17 92 -10 -61 L
-4 -72 20 64 L
25 28 -37 -56 L
-25 -37 6 5 L
27 35 -87 -45 L
-27 -34 87 46 L
24 20 -73 -46 L
-52 -57 45 9 L
57 47 -82 -30 L
-54 -59 85 18 L
17 93 -83 -62 L
-73 -39 7 85 L
17 20 -71 -80 L
-59 -35 7 40 L
0 71 -89 -2 L
-77 -18 12 55 L
-21 -37 26 48 L
45 71 -2 -14 L
-18 -29 47 33 L
38 94 -92 -30 L
-65 -5 50 99 L
69 92 -46 -12 L
-25 -33 48 84 L
62 97 -11 -20 L
-41 -26 55 99 L
72 51 -24 -74 L
-38 -21 7 42 L
47 94 -58 -53 L
-55 -56 49 16 L
98 79 -32 -11 L
-84 -86 8 59 L
29 67 -63 -78 L
-8 -19 21 95 L
10 67 -19 -47 L
-33 -28 12 21 L
0 41 -90 -57 L
43 44 -72 -77 L
-57 -40 58 81 L
53 38 -54 -53 L
-64 -4 43 87 L
30 97 -17 -76 L
-4 -82 43 91 L
90 11 -47 -61 L
-80 -54 57 18 L
85 8 -38 -67 L
-75 -9 7 41 L
69 53 -64 -44 L
-61 -35 72 62 L
42 91 -36 -49 L
-74 -98 4 42 L
68 44 -98 -20 L
-75 -31 91 33 L
25 48 -64 -14 L
-80 -11 9 51 L
39 20 -43 -18 L
-74 -40 49 17 L
-51 -41 17 21 L
27 57 -75 -36 L
-5 -23 5 2 L
26 56 -14 -44 L
-9 -98 38 96 L
22 97 -25 -97 L
-24 -77 71 8 L
11 11 -27 -23 L
-29 -26 13 24 L
59 77 -88 -98 L
-24 -79 45 47 L
41 59 -5 -25 L
-12 -77 35 3 L
36 90 -58 -70 L
-80 -30 28 36 L
9 12 -81 -43 L
-69 -84 28 100 L
24 95 -73 -89 L
-91 -24 67 45 L
71 48 -87 -21 L
98 89 -1 -6 L
-91 -66 8 29 L
86 7 -56 -65 L
-63 -16 8 20 L
32 46 -92 -13 L
-86 -36 38 23 L
30 57 -81 -19 L
-47 -49 64 27 L
88 89 -60 -6 L
-82 -28 66 67 L
55 37 -69 -3 L
-67 -7 57 33 L
9 10 -61 -83 L
-22 -72 48 21 L
92 3 -82 -31 L
-7 -10 80 7 L
8 43 -65 -79 L
-40 -98 33 24 L
88 86 -90 -47 L
-96 -91 82 42 L
-39 -17 65 44 L
8 6 -96 -55 L
-26 -21 88 60 L
42 0 -34 -54 L
-64 -70 27 17 L
54 29 -37 -58 L
-58 -86 96 86 L
54 4 -23 -82 L
-47 -70 77 55 L
62 75 -62 -50 L
-78 -100 63 3 L
87 76 -54 -27 L
-71 -19 29 54 L
73 68 -27 -5 L
-7 -34 83 9 L
100 19 -80 -67 L
-34 -41 90 4 L
28 9 -96 -36 L
-98 -45 4 80 L
69 76 -33 -49 L
15 69 -88 -82 L
-27 -94 76 57 L
96 57 -44 -45 L
-26 -6 44 45 L
49 5 -35 -1 L
-94 0 32 9 L
36 88 -22 -17 L
-26 -32 32 73 L
70 53 -41 -75 L
-69 -93 42 35 L
6 50 -94 -82 L
-4 -96 71 3 L
53 8 -38 -17 L
-95 -28 87 22 L
51 13 -63 -88 L
-31 -89 83 12 L
0 100 -86 -27 L
-76 -79 10 48 L
27 59 -23 -47 L
-8 -44 42 62 L
-38 -73 4 60 L
8 54 -16 -22 L
-15 -89 71 67 L
12 69 -31 -9 L
-100 -82 91 72 L
97 92 -94 -62 L
-97 -57 13 75 L
30 11 -30 -61 L
-62 -75 54 44 L
35 53 -81 -66 L
-94 -82 6 70 L
72 99 -28 -53 L
-36 -19 73 88 L
49 53 -60 -54 L
-95 -13 63 68 L
85 41 -73 -40 L
-75 -10 72 76 L
85 2 -62 -84 L
-2 -38 9 95 L
1 91 -10 -42 L
21 35 -30 -4 L
-20 -52 82 26 L
15 5 -4 -10 L
-86 -59 47 46 L
42 16 -20 -33 L
-54 -35 70 63 L
88 38 -89 -3 L
-94 -22 83 19 L
58 63 -80 -15 L
-95 -46 66 45 L
0 35 -60 -91 L
-10 -96 80 93 L
5 91 -23 -11 L
-13 -32 15 70 L
91 14 -17 -74 L
-53 -62 55 26 L
29 92 -11 -40 L
-36 -75 4 57 L
71 20 -93 -38 L
-37 -26 45 3 L
-54 -60 60 10 L
16 31 -98 -39 L
-41 -60 62 80 L
56 86 -47 -54 L
-21 -78 97 73 L
59 55 -59 -96 L
-2 -35 56 11 L
54 66 -91 -49 L
-13 -7 68 100 L
43 26 -38 -81 L
-64 -73 46 86 L
42 82 -68 -77 L
-94 -42 82 18 L
86 22 -46 -23 L
-98 -74 19 78 L
75 54 -42 -98 L
-83 -23 65 8 L
71 5 -77 -26 L
-14 -34 82 3 L
74 12 -22 -25 L
94 59 -3 -68 L
-16 -32 81 95 L
77 79 -12 -8 L
-85 -68 4 19 L
7 55 -6 -26 L
-2 -42 11 39 L
87 30 -57 -9 L
-20 -19 76 7 L
55 79 -14 -50 L
-88 -100 4 72 L
21 12 -91 -56 L
-78 -83 62 2 L
31 25 -47 -21 L
-21 -17 18 6 L
85 79 -80 -74 L
-100 -96 10 6 L
60 41 -38 -93 L
-61 -43 37 91 L
2 39 -84 -41 L
-45 -48 41 32 L
-11 -60 11 29 L
16 39 -6 -50 L
-35 -54 18 23 L
50 70 -3 -7 L
-97 -27 61 25 L
98 43 -60 -9 L
-58 -5 82 47 L
14 32 -91 -7 L
0 -21 62 44 L
28 17 -34 -48 L
-9 -35 78 23 L
47 29 -67 -47 L
-63 -56 57 65 L
54 82 -66 -39 L
-66 -65 14 60 L
5 7 -27 -43 L
-55 -66 51 11 L
75 12 -31 -65 L
-63 -34 91 6 L
72 9 -82 -31 L
66 2 -56 -41 L
-27 -28 95 15 L
80 28 -45 -80 L
-97 -57 28 51 L
18 37 -50 -72 L
-36 -47 32 62 L
24 17 -57 -77 L
-5 -40 76 54 L
95 50 -98 -21 L
-100 -70 93 1 L
37 85 -95 -24 L
-56 -42 76 67 L
81 33 -63 -8 L
-96 -8 48 33 L
19 35 0 -62 L
-18 -82 1 15 L
20 61 -39 -5 L
-21 -34 97 98 L
83 50 -65 -25 L
-78 -66 70 9 L
-33 -38 8 60 L
41 76 0 -22 L
-25 -42 55 5 L
73 37 -7 -10 L
-27 -30 83 25 L
18 5 -40 -24 L
-47 -14 83 35 L
44 0 -86 -49 L
-97 -85 89 30 L
86 72 -100 -43 L
-13 -3 59 66 L
83 57 -37 -58 L
-21 -3 36 32 L
97 38 -74 -67 L
-23 -99 74 29 L
88 47 -9 -81 L
-52 -14 92 48 L
48 47 -96 -15 L
-19 -45 18 72 L
36 69 -1 -48 L
51 58 -33 0 L
-58 -58 68 29 L
83 45 -21 -78 L
-85 -86 19 37 L
17 74 -42 -13 L
-73 -74 45 100 L
17 15 -77 -26 L
-84 -27 10 14 L
70 27 -14 -80 L
-4 -95 80 12 L
65 42 -78 -93 L
-94 -54 49 81 L
76 77 -52 -42 L
-44 -61 84 58 L
73 51 -12 -89 L
-31 -46 54 94 L
80 28 -64 -34 L
-68 -21 76 41 L
46 23 -45 -8 L
-6 -10 85 21 L
-84 -66 52 15 L
67 44 -69 -37 L
-95 -54 18 12 L
72 47 -41 -19 L
-29 -91 58 53 L
46 1 -12 -95 L
-100 -86 91 18 L
92 31 -99 -73 L
-90 -10 43 43 L
88 10 -45 -43 L
-17 -5 96 22 L
82 6 -31 -21 L
-34 -47 81 13 L
48 36 -67 -24 L
-3 -53 33 51 L
51 92 -12 -90 L
-16 -70 6 52 L
8 70 -14 -52 L
-4 -86 11 33 L
13 90 -2 -29 L
93 92 -59 -64 L
-9 -31 29 8 L
37 36 -67 -88 L
-1 -20 77 73 L
40 10 -15 -88 L
-46 -56 9 42 L
47 23 -35 -28 L
-93 -41 71 61 L
62 42 -53 -80 L
-97 -59 18 63 L
49 23 0 -94 L
-44 -85 5 32 L
76 23 -93 -63 L
-82 -76 87 10 L
100 12 -89 -56 L
-96 -32 93 36 L
34 56 -78 -37 L
-81 -48 31 45 L
27 68 -72 -62 L
-24 -63 75 67 L
-60 -24 100 2 L
79 1 -81 -25 L
-65 -35 76 3 L
78 27 -63 -11 L
-8 -29 79 35 L
71 9 -16 -55 L
-92 -46 32 46 L
92 83 -63 -32 L
-80 -97 50 23 L
2 48 -76 -24 L
-19 -80 29 63 L
32 90 -16 -53 L
-6 -68 44 10 L
52 28 -23 -89 L
-98 -98 70 29 L
73 56 -95 -71 L
-80 -40 29 60 L
46 81 -63 -19 L
-64 -22 40 56 L
53 50 -99 -64 L
20 96 96 3 L
2 99 78 6 L
1 1 1 1 END
1 1 1 1 END
