1024
312
157
714
751
595
355
831
428
215
1019
158
853
379
91
489
359
272
339
747
576
518
820
200
997
330
710
704
849
199
72
726
510
229
416
236
823
770
42
227
984
36
384
812
415
474
276
773
745
614
496
297
107
291
496
79
620
181
782
444
379
854
146
888
58
561
99
880
306
140
82
265
176
465
52
590
938
327
338
659
941
833
955
23
99
426
102
719
606
883
138
985
712
283
848
769
843
947
625
124
62
706
388
237
147
439
826
60
766
140
718
682
972
648
704
47
49
805
765
655
664
902
615
351
161
438
96
1003
360
720
103
422
401
490
658
547
929
460
607
670
599
300
327
546
948
6
592
996
811
332
626
450
210
216
800
370
654
895
348
1013
590
450
410
991
940
44
513
844
503
95
489
77
395
815
622
318
820
190
289
606
521
915
31
730
106
831
75
759
701
423
748
267
872
133
233
787
176
745
606
678
840
70
754
210
884
352
527
680
541
815
261
37
705
292
767
811
98
841
545
798
239
268
40
87
401
272
873
576
1017
455
230
832
524
983
17
384
310
543
39
850
333
299
887
14
590
629
824
687
445
344
461
684
612
500
770
1012
772
618
563
764
48
792
571
572
751
587
955
36
105
993
886
437
267
748
450
857
352
249
519
796
593
979
455
180
455
200
167
202
818
729
965
865
497
511
412
223
73
342
258
177
310
119
613
577
866
39
409
193
287
927
989
879
882
419
34
312
619
200
513
412
929
453
252
401
963
664
623
11
1005
880
187
291
999
799
867
840
837
251
9
100
153
997
978
10
391
1012
321
1009
187
833
396
91
261
648
491
199
287
89
209
267
969
395
557
943
170
399
758
1006
649
766
81
802
738
35
811
105
22
108
89
208
940
485
299
177
108
789
375
394
878
584
660
822
978
193
740
123
591
473
105
216
215
185
1017
952
219
803
32
240
910
121
448
826
605
746
1002
712
510
352
81
363
935
740
160
889
932
899
1011
499
348
91
714
562
276
706
489
494
484
521
734
370
641
157
171
221
902
148
932
387
499
1012
750
410
727
909
274
635
784
260
109
107
351
822
668
626
503
132
95
986
652
828
331
268
984
501
488
861
648
395
224
123
382
973
532
85
857
805
719
616
40
827
722
390
624
365
1015
102
497
86
63
124
913
394
392
873
894
879
709
518
250
932
640
631
880
147
715
713
951
409
304
990
211
2
356
834
366
1802
375
4718
1887
7894
4490
5376
4239
1057
1816
2556
7695
8188
9553
856
496
4064
399
3519
6626
1593
8999
6376
4898
2071
6102
7284
872
3113
6454
805
1266
6828
5523
9505
1073
6364
4880
1663
7420
3047
4219
5114
1234
3771
2322
8081
4187
2720
1600
812
664
6950
3540
1913
5372
5993
9197
6243
9105
2002
7048
6722
5181
8922
6226
6254
5285
7457
7916
9056
503
2134
521
1737
2257
2842
6169
2795
1913
7768
3606
8929
1070
3497
841
6441
9489
6389
2684
4945
8390
6083
1667
3571
1356
7892
6176
2992
5349
443
2047
2203
8929
2567
3939
7537
1761
6460
331
25
4227
288
8953
1648
3785
6146
8089
9625
2534
7124
922
7276
3206
8940
7198
913
3183
9725
3904
4883
167
2302
7086
9095
1220
7376
6631
2980
3835
3313
3005
4414
3601
8309
6061
3737
4454
4149
3361
3340
7624
634
6967
7181
5925
4164
8093
9108
240
8348
3990
406
649
7427
5853
8221
4803
2483
7552
4989
5796
6908
9402
5748
5217
5463
9484
6022
5963
9196
9361
3587
6182
6327
7119
2106
6842
5212
1213
7081
9911
1555
3839
6912
5333
9691
5132
135
8525
2683
5124
672
9591
877
6419
1159
6339
2254
7180
8654
1450
6541
8592
7631
9219
5710
9736
2413
921
7301
9493
7184
5207
3331
4095
539
9373
9226
674
7898
8260
2149
8569
7850
3025
4988
5360
5716
3593
2540
4369
5042
5432
9312
9024
4650
5021
5112
3414
2294
2412
2907
9477
7618
2589
3571
8156
8314
9148
5181
6211
7407
3681
1131
1609
3058
2470
6968
8773
6063
9507
9493
1104
1290
8804
128
2292
176
1591
5705
2469
4002
4963
8297
7971
7552
1867
2478
2217
7366
4011
8427
4773
7691
9557
6381
748
2027
3348
15872
78089
79207
91716
95544
496
16871
72023
12787
67047
83613
18492
5867
83966
23454
64164
28288
7357
92382
60766
19573
39748
4776
84351
24520
18818
40260
87252
25918
28638
50599
58141
23078
46157
49857
18621
46653
66727
6996
75791
33773
6960
10634
55992
90926
50440
36507
35565
74148
28888
96330
10073
84987
17457
94423
25858
52627
51034
13109
94896
79671
80060
53036
2748
26216
2892
37721
89220
69619
44716
65011
19743
68027
91996
92086
75304
42435
28592
10869
32935
57480
23550
43007
58818
41007
53781
84676
9985
4815
97784
4880
837
77843
57915
3585
20411
60807
41305
9630
46777
2372
90992
82871
86750
82988
74957
62054
41774
3548
72922
74708
77379
12823
34066
52549
70181
87847
37224
80165
9013
51359
1396
9849
45554
59311
13433
65964
36469
71089
91945
99597
89812
82937
82467
92914
82276
73775
54967
24049
93675
44240
15109
87405
57062
49174
39953
27243
53372
77176
7407
62384
44887
8803
88585
90440
84465
18369
72755
37285
89458
64699
36881
95621
47635
35699
88534
46262
9474
59852
70311
3148
4091
1771
90552
77505
50944
46857
4747
20668
24032
28505
99403
85270
53659
87987
75709
54475
6356
48463
91759
12165
13162
28639
24137
77148
64338
29023
23410
90163
88874

