1 1
100 99
50 49
100 97
25 24
20 19
50 47
100 93
25 23
100 91
10 9
100 89
25 22
100 87
50 43
20 17
25 21
100 83
50 41
100 81
5 4
100 79
50 39
100 77
25 19
4 3
50 37
100 73
25 18
100 71
10 7
100 69
25 17
100 67
50 33
20 13
25 16
100 63
50 31
100 61
5 3
100 59
50 29
100 57
25 14
20 11
50 27
100 53
25 13
100 51
2 1
100 49
25 12
100 47
50 23
20 9
25 11
100 43
50 21
100 41
5 2
100 39
50 19
100 37
25 9
20 7
50 17
100 33
25 8
100 31
10 3
100 29
25 7
100 27
50 13
4 1
25 6
100 23
50 11
100 21
5 1
100 19
50 9
100 17
25 4
20 3
50 7
100 13
25 3
100 11
10 1
100 9
25 2
100 7
50 3
20 1
25 1
100 3
50 1
100 1
3 1
100 33
150 49
300 97
25 8
60 19
150 47
100 31
75 23
300 91
10 3
300 89
75 22
100 29
150 43
60 17
25 7
300 83
150 41
100 27
15 4
300 79
50 13
300 77
75 19
4 1
150 37
300 73
25 6
300 71
30 7
100 23
75 17
300 67
50 11
60 13
75 16
100 21
150 31
300 61
5 1
300 59
150 29
100 19
75 14
60 11
50 9
300 53
75 13
100 17
6 1
300 49
25 4
300 47
150 23
20 3
75 11
300 43
50 7
300 41
15 2
100 13
150 19
300 37
25 3
60 7
150 17
100 11
75 8
300 31
10 1
300 29
75 7
100 9
150 13
12 1
25 2
300 23
150 11
100 7
15 1
300 19
50 3
300 17
75 4
20 1
150 7
300 13
25 1
300 11
30 1
100 3
75 2
300 7
50 1
60 1
75 1
100 1
150 1
300 1
11 2
50 9
275 49
550 97
275 48
110 19
275 47
550 93
275 46
550 91
55 9
550 89
25 4
550 87
275 43
110 17
275 42
550 83
275 41
550 81
55 8
550 79
275 39
50 7
275 38
22 3
275 37
550 73
275 36
550 71
55 7
550 69
275 34
550 67
25 3
110 13
275 32
550 63
275 31
550 61
55 6
550 59
275 29
550 57
275 28
10 1
275 27
550 53
275 26
550 51
11 1
550 49
275 24
550 47
275 23
110 9
25 2
550 43
275 21
550 41
55 4
550 39
275 19
550 37
275 18
110 7
275 17
50 3
275 16
550 31
55 3
550 29
275 14
550 27
275 13
22 1
275 12
550 23
25 1
550 21
55 2
550 19
275 9
550 17
275 8
110 3
275 7
550 13
275 6
50 1
55 1
550 9
275 4
550 7
275 3
110 1
275 2
550 3
275 1
550 1
25 3
2500 297
1250 147
2500 291
625 72
500 57
1250 141
2500 279
625 69
2500 273
250 27
2500 267
625 66
2500 261
1250 129
500 51
625 63
2500 249
1250 123
2500 243
125 12
2500 237
1250 117
2500 231
625 57
100 9
1250 111
2500 219
625 54
2500 213
250 21
2500 207
625 51
2500 201
1250 99
500 39
625 48
2500 189
1250 93
2500 183
125 9
2500 177
1250 87
2500 171
625 42
500 33
1250 81
2500 159
625 39
2500 153
50 3
2500 147
625 36
2500 141
1250 69
500 27
625 33
2500 129
1250 63
2500 123
125 6
2500 117
1250 57
2500 111
625 27
500 21
1250 51
2500 99
625 24
2500 93
250 9
2500 87
625 21
2500 81
1250 39
100 3
625 18
2500 69
1250 33
2500 63
125 3
2500 57
1250 27
2500 51
625 12
500 9
1250 21
2500 39
625 9
2500 33
250 3
2500 27
625 6
2500 21
1250 9
500 3
625 3
2500 9
1250 3
2500 3
137 12
3425 297
3425 294
3425 291
3425 288
685 57
3425 282
3425 279
3425 276
3425 273
685 54
3425 267
3425 264
3425 261
3425 258
685 51
3425 252
3425 249
3425 246
3425 243
685 48
3425 237
3425 234
3425 231
3425 228
137 9
3425 222
3425 219
3425 216
3425 213
685 42
3425 207
3425 204
3425 201
3425 198
685 39
3425 192
3425 189
3425 186
3425 183
685 36
3425 177
3425 174
3425 171
3425 168
685 33
3425 162
3425 159
3425 156
3425 153
137 6
3425 147
3425 144
3425 141
3425 138
685 27
3425 132
3425 129
3425 126
3425 123
685 24
3425 117
3425 114
3425 111
3425 108
685 21
3425 102
3425 99
3425 96
3425 93
685 18
3425 87
3425 84
3425 81
3425 78
137 3
3425 72
3425 69
3425 66
3425 63
685 12
3425 57
3425 54
3425 51
3425 48
685 9
3425 42
3425 39
3425 36
3425 33
685 6
3425 27
3425 24
3425 21
3425 18
685 3
3425 12
3425 9
3425 6
3425 3
147 10
490 33
15 1
1470 97
245 16
294 19
735 47
490 31
735 46
210 13
49 3
1470 89
735 44
490 29
735 43
294 17
35 2
1470 83
735 41
490 27
147 8
1470 79
245 13
210 11
735 38
98 5
735 37
1470 73
245 12
1470 71
21 1
490 23
735 34
1470 67
245 11
294 13
735 32
70 3
735 31
1470 61
49 2
1470 59
735 29
490 19
105 4
294 11
245 9
1470 53
735 26
490 17
147 5
30 1
245 8
1470 47
735 23
98 3
735 22
1470 43
35 1
1470 41
147 4
490 13
735 19
1470 37
245 6
42 1
735 17
490 11
735 16
1470 31
49 1
1470 29
105 2
490 9
735 13
294 5
245 4
1470 23
735 11
70 1
147 2
1470 19
245 3
1470 17
735 8
98 1
105 1
1470 13
245 2
1470 11
147 1
490 3
735 4
210 1
245 1
294 1
735 2
490 1
735 1
1470 1
363 20
55 3
1815 98
1815 97
605 32
363 19
1815 94
605 31
1815 92
1815 91
121 6
1815 89
165 8
605 29
1815 86
363 17
605 28
1815 83
1815 82
605 27
363 16
1815 79
605 26
165 7
1815 76
121 5
1815 74
1815 73
605 24
1815 71
363 14
605 23
1815 68
1815 67
55 2
363 13
1815 64
605 21
1815 62
1815 61
121 4
1815 59
1815 58
605 19
1815 56
33 1
605 18
1815 53
1815 52
605 17
363 10
1815 49
605 16
1815 47
1815 46
121 3
165 4
1815 43
605 14
1815 41
363 8
605 13
1815 38
1815 37
605 12
363 7
1815 34
55 1
1815 32
1815 31
121 2
1815 29
1815 28
605 9
1815 26
363 5
605 8
1815 23
165 2
605 7
363 4
1815 19
605 6
1815 17
1815 16
121 1
1815 14
1815 13
605 4
165 1
363 2
605 3
1815 8
1815 7
605 2
363 1
1815 4
605 1
1815 2
1815 1
761 35
15220 693
7610 343
15220 679
3805 168
3044 133
7610 329
15220 651
3805 161
15220 637
1522 63
15220 623
3805 154
15220 609
7610 301
3044 119
3805 147
15220 581
7610 287
15220 567
761 28
15220 553
7610 273
15220 539
3805 133
3044 105
7610 259
15220 511
3805 126
15220 497
1522 49
15220 483
3805 119
15220 469
7610 231
3044 91
3805 112
15220 441
7610 217
15220 427
761 21
15220 413
7610 203
15220 399
3805 98
3044 77
7610 189
15220 371
3805 91
15220 357
1522 35
15220 343
3805 84
15220 329
7610 161
3044 63
3805 77
15220 301
7610 147
15220 287
761 14
15220 273
7610 133
15220 259
3805 63
3044 49
7610 119
15220 231
3805 56
15220 217
1522 21
15220 203
3805 49
15220 189
7610 91
3044 35
3805 42
15220 161
7610 77
15220 147
761 7
15220 133
7610 63
15220 119
3805 28
3044 21
7610 49
15220 91
3805 21
15220 77
1522 7
15220 63
3805 14
15220 49
7610 21
3044 7
3805 7
15220 21
7610 7
15220 7
7129 280
35645 1386
35645 1372
35645 1358
35645 1344
7129 266
35645 1316
35645 1302
35645 1288
35645 1274
7129 252
35645 1246
35645 1232
35645 1218
35645 1204
7129 238
35645 1176
35645 1162
35645 1148
35645 1134
7129 224
35645 1106
35645 1092
35645 1078
35645 1064
7129 210
35645 1036
35645 1022
35645 1008
35645 994
7129 196
35645 966
35645 952
35645 938
35645 924
7129 182
35645 896
35645 882
35645 868
35645 854
7129 168
35645 826
35645 812
35645 798
35645 784
7129 154
35645 756
35645 742
35645 728
35645 714
7129 140
35645 686
35645 672
35645 658
35645 644
7129 126
35645 616
35645 602
35645 588
35645 574
7129 112
35645 546
35645 532
35645 518
35645 504
7129 98
35645 476
35645 462
35645 448
35645 434
7129 84
35645 406
35645 392
35645 378
35645 364
7129 70
35645 336
35645 322
35645 308
35645 294
7129 56
35645 266
35645 252
35645 238
35645 224
7129 42
35645 196
35645 182
35645 168
35645 154
7129 28
35645 126
35645 112
35645 98
35645 84
7129 14
35645 56
35645 42
35645 28
35645 14
7381 252
16775 567
184525 6174
184525 6111
184525 6048
36905 1197
184525 5922
184525 5859
184525 5796
184525 5733
36905 1134
184525 5607
16775 504
184525 5481
184525 5418
36905 1071
184525 5292
184525 5229
184525 5166
184525 5103
36905 1008
184525 4977
184525 4914
16775 441
184525 4788
7381 189
184525 4662
184525 4599
184525 4536
184525 4473
36905 882
184525 4347
184525 4284
184525 4221
16775 378
36905 819
184525 4032
184525 3969
184525 3906
3025 63
36905 756
184525 3717
184525 3654
184525 3591
184525 3528
3355 63
184525 3402
184525 3339
184525 3276
184525 3213
7381 126
184525 3087
184525 3024
184525 2961
184525 2898
36905 567
16775 252
184525 2709
184525 2646
184525 2583
36905 504
184525 2457
184525 2394
184525 2331
184525 2268
36905 441
184525 2142
16775 189
184525 2016
184525 1953
36905 378
184525 1827
184525 1764
184525 1701
184525 1638
7381 63
184525 1512
184525 1449
16775 126
184525 1323
36905 252
184525 1197
184525 1134
184525 1071
184525 1008
36905 189
184525 882
184525 819
184525 756
16775 63
36905 126
184525 567
184525 504
184525 441
184525 378
36905 63
184525 252
184525 189
184525 126
184525 63
83711 2520
418555 12474
418555 12348
4315 126
418555 12096
83711 2394
418555 11844
418555 11718
418555 11592
418555 11466
83711 2268
418555 11214
418555 11088
418555 10962
418555 10836
83711 2142
418555 10584
418555 10458
418555 10332
418555 10206
83711 2016
418555 9954
418555 9828
418555 9702
418555 9576
83711 1890
418555 9324
418555 9198
418555 9072
418555 8946
83711 1764
418555 8694
418555 8568
418555 8442
418555 8316
83711 1638
418555 8064
418555 7938
418555 7812
418555 7686
83711 1512
418555 7434
418555 7308
418555 7182
418555 7056
83711 1386
418555 6804
418555 6678
418555 6552
418555 6426
83711 1260
418555 6174
418555 6048
418555 5922
418555 5796
83711 1134
418555 5544
418555 5418
418555 5292
418555 5166
83711 1008
418555 4914
418555 4788
418555 4662
418555 4536
83711 882
418555 4284
418555 4158
418555 4032
418555 3906
83711 756
418555 3654
418555 3528
418555 3402
418555 3276
83711 630
418555 3024
418555 2898
418555 2772
418555 2646
83711 504
418555 2394
418555 2268
418555 2142
418555 2016
83711 378
418555 1764
418555 1638
418555 1512
418555 1386
83711 252
418555 1134
418555 1008
418555 882
418555 756
83711 126
418555 504
418555 378
418555 252
418555 126
86021 2310
860210 22869
430105 11319
860210 22407
430105 11088
172042 4389
430105 10857
860210 21483
430105 10626
66170 1617
86021 2079
860210 20559
430105 10164
860210 20097
430105 9933
172042 3927
430105 9702
860210 19173
430105 9471
860210 18711
86021 1848
860210 18249
33085 693
860210 17787
430105 8778
172042 3465
430105 8547
860210 16863
430105 8316
860210 16401
86021 1617
860210 15939
430105 7854
860210 15477
430105 7623
13234 231
430105 7392
860210 14553
430105 7161
860210 14091
86021 1386
860210 13629
430105 6699
860210 13167
430105 6468
172042 2541
430105 6237
860210 12243
33085 462
860210 11781
86021 1155
860210 11319
430105 5544
860210 10857
430105 5313
172042 2079
430105 5082
860210 9933
430105 4851
860210 9471
86021 924
66170 693
430105 4389
860210 8547
430105 4158
172042 1617
430105 3927
860210 7623
430105 3696
860210 7161
86021 693
860210 6699
430105 3234
860210 6237
33085 231
172042 1155
430105 2772
860210 5313
430105 2541
860210 4851
86021 462
860210 4389
430105 2079
860210 3927
430105 1848
172042 693
430105 1617
66170 231
430105 1386
860210 2541
86021 231
860210 2079
430105 924
860210 1617
430105 693
172042 231
430105 462
860210 693
430105 231
860210 231
1145993 27720
5729965 137214
5729965 135828
5729965 134442
5729965 133056
1145993 26334
5729965 130284
5729965 128898
5729965 127512
5729965 126126
1145993 24948
5729965 123354
5729965 121968
197585 4158
133255 2772
1145993 23562
5729965 116424
5729965 115038
5729965 113652
5729965 112266
1145993 22176
5729965 109494
5729965 108108
5729965 106722
5729965 105336
1145993 20790
5729965 102564
5729965 101178
5729965 99792
5729965 98406
1145993 19404
5729965 95634
5729965 94248
5729965 92862
5729965 91476
1145993 18018
5729965 88704
5729965 87318
5729965 85932
5729965 84546
1145993 16632
5729965 81774
197585 2772
5729965 79002
5729965 77616
1145993 15246
5729965 74844
5729965 73458
5729965 72072
5729965 70686
1145993 13860
5729965 67914
5729965 66528
5729965 65142
5729965 63756
1145993 12474
5729965 60984
133255 1386
5729965 58212
5729965 56826
1145993 11088
5729965 54054
5729965 52668
5729965 51282
5729965 49896
1145993 9702
5729965 47124
5729965 45738
5729965 44352
5729965 42966
1145993 8316
197585 1386
5729965 38808
5729965 37422
5729965 36036
1145993 6930
5729965 33264
5729965 31878
5729965 30492
5729965 29106
1145993 5544
5729965 26334
5729965 24948
5729965 23562
5729965 22176
1145993 4158
5729965 19404
5729965 18018
5729965 16632
5729965 15246
1145993 2772
5729965 12474
5729965 11088
5729965 9702
5729965 8316
1145993 1386
5729965 5544
5729965 4158
5729965 2772
5729965 1386
1171733 25740
5858665 127413
5858665 126126
5858665 124839
5858665 123552
1171733 24453
5858665 120978
5858665 119691
5858665 118404
5858665 117117
1171733 23166
5858665 114543
5858665 113256
5858665 111969
5858665 110682
1171733 21879
5858665 108108
5858665 106821
5858665 105534
5858665 104247
1171733 20592
5858665 101673
5858665 100386
5858665 99099
5858665 97812
1171733 19305
5858665 95238
5858665 93951
5858665 92664
5858665 91377
1171733 18018
5858665 88803
5858665 87516
5858665 86229
5858665 84942
1171733 16731
5858665 82368
5858665 81081
5858665 79794
5858665 78507
1171733 15444
5858665 75933
5858665 74646
5858665 73359
5858665 72072
1171733 14157
5858665 69498
5858665 68211
5858665 66924
5858665 65637
1171733 12870
5858665 63063
5858665 61776
5858665 60489
5858665 59202
1171733 11583
5858665 56628
5858665 55341
5858665 54054
5858665 52767
1171733 10296
5858665 50193
5858665 48906
5858665 47619
5858665 46332
1171733 9009
5858665 43758
5858665 42471
5858665 41184
5858665 39897
1171733 7722
5858665 37323
5858665 36036
5858665 34749
5858665 33462
1171733 6435
5858665 30888
5858665 29601
5858665 28314
5858665 27027
1171733 5148
5858665 24453
5858665 23166
5858665 21879
5858665 20592
1171733 3861
5858665 18018
5858665 16731
5858665 15444
5858665 14157
1171733 2574
5858665 11583
5858665 10296
5858665 9009
5858665 7722
1171733 1287
5858665 5148
5858665 3861
5858665 2574
5858665 1287
1195757 24024
29893925 594594
29893925 588588
29893925 582582
29893925 576576
5978785 114114
29893925 564564
29893925 558558
29893925 552552
29893925 546546
5978785 108108
29893925 534534
29893925 528528
1030825 18018
29893925 516516
5978785 102102
29893925 504504
29893925 498498
29893925 492492
29893925 486486
5978785 96096
29893925 474474
29893925 468468
29893925 462462
29893925 456456
1195757 18018
29893925 444444
29893925 438438
29893925 432432
29893925 426426
5978785 84084
29893925 414414
29893925 408408
29893925 402402
29893925 396396
5978785 78078
29893925 384384
29893925 378378
29893925 372372
29893925 366366
5978785 72072
29893925 354354
1030825 12012
29893925 342342
29893925 336336
5978785 66066
29893925 324324
29893925 318318
29893925 312312
29893925 306306
1195757 12012
29893925 294294
29893925 288288
29893925 282282
29893925 276276
5978785 54054
29893925 264264
29893925 258258
29893925 252252
29893925 246246
5978785 48048
29893925 234234
29893925 228228
29893925 222222
29893925 216216
5978785 42042
29893925 204204
29893925 198198
29893925 192192
29893925 186186
5978785 36036
1030825 6006
29893925 168168
29893925 162162
29893925 156156
1195757 6006
29893925 144144
29893925 138138
29893925 132132
29893925 126126
5978785 24024
29893925 114114
29893925 108108
29893925 102102
29893925 96096
5978785 18018
29893925 84084
29893925 78078
29893925 72072
29893925 66066
5978785 12012
29893925 54054
29893925 48048
29893925 42042
29893925 36036
5978785 6006
29893925 24024
29893925 18018
29893925 12012
29893925 6006
2436559 45045
48731180 891891
24365590 441441
48731180 873873
12182795 216216
9746236 171171
24365590 423423
48731180 837837
12182795 207207
48731180 819819
4873118 81081
48731180 801801
12182795 198198
48731180 783783
24365590 387387
573308 9009
12182795 189189
48731180 747747
24365590 369369
48731180 729729
2436559 36036
48731180 711711
24365590 351351
48731180 693693
12182795 171171
9746236 135135
24365590 333333
48731180 657657
12182795 162162
48731180 639639
4873118 63063
48731180 621621
716635 9009
48731180 603603
24365590 297297
9746236 117117
12182795 144144
48731180 567567
24365590 279279
48731180 549549
2436559 27027
48731180 531531
24365590 261261
48731180 513513
12182795 126126
9746236 99099
24365590 243243
48731180 477477
12182795 117117
2866540 27027
4873118 45045
48731180 441441
12182795 108108
48731180 423423
24365590 207207
9746236 81081
12182795 99099
48731180 387387
24365590 189189
48731180 369369
2436559 18018
48731180 351351
24365590 171171
48731180 333333
12182795 81081
9746236 63063
1433270 9009
48731180 297297
12182795 72072
48731180 279279
4873118 27027
48731180 261261
12182795 63063
48731180 243243
24365590 117117
9746236 45045
12182795 54054
48731180 207207
24365590 99099
48731180 189189
2436559 9009
48731180 171171
24365590 81081
2866540 9009
12182795 36036
9746236 27027
24365590 63063
48731180 117117
12182795 27027
48731180 99099
4873118 9009
48731180 81081
12182795 18018
48731180 63063
24365590 27027
9746236 9009
12182795 9009
48731180 27027
24365590 9009
48731180 9009
42142223 720720
210711115 3567564
210711115 3531528
210711115 3495492
210711115 3459456
42142223 684684
210711115 3387384
210711115 3351348
210711115 3315312
210711115 3279276
42142223 648648
210711115 3207204
210711115 3171168
210711115 3135132
210711115 3099096
42142223 612612
210711115 3027024
210711115 2990988
210711115 2954952
210711115 2918916
42142223 576576
210711115 2846844
210711115 2810808
210711115 2774772
210711115 2738736
42142223 540540
5694895 72072
210711115 2630628
210711115 2594592
210711115 2558556
42142223 504504
210711115 2486484
210711115 2450448
210711115 2414412
210711115 2378376
42142223 468468
210711115 2306304
210711115 2270268
210711115 2234232
210711115 2198196
42142223 432432
210711115 2126124
210711115 2090088
210711115 2054052
210711115 2018016
42142223 396396
210711115 1945944
210711115 1909908
210711115 1873872
210711115 1837836
42142223 360360
210711115 1765764
210711115 1729728
210711115 1693692
210711115 1657656
42142223 324324
210711115 1585584
210711115 1549548
210711115 1513512
210711115 1477476
42142223 288288
210711115 1405404
210711115 1369368
5694895 36036
210711115 1297296
42142223 252252
210711115 1225224
210711115 1189188
210711115 1153152
210711115 1117116
42142223 216216
210711115 1045044
210711115 1009008
210711115 972972
210711115 936936
42142223 180180
210711115 864864
210711115 828828
210711115 792792
210711115 756756
42142223 144144
210711115 684684
210711115 648648
210711115 612612
210711115 576576
42142223 108108
210711115 504504
210711115 468468
210711115 432432
210711115 396396
42142223 72072
210711115 324324
210711115 288288
210711115 252252
210711115 216216
42142223 36036
210711115 144144
210711115 108108
210711115 72072
210711115 36036
42822903 680680
71371505 1123122
214114515 3335332
214114515 3301298
71371505 1089088
2253837 34034
214114515 3199196
71371505 1055054
214114515 3131128
214114515 3097094
14274301 204204
214114515 3029026
214114515 2994992
71371505 986986
214114515 2926924
42822903 578578
71371505 952952
214114515 2824822
214114515 2790788
71371505 918918
42822903 544544
214114515 2688686
71371505 884884
214114515 2620618
11269185 136136
14274301 170170
214114515 2518516
214114515 2484482
71371505 816816
214114515 2416414
42822903 476476
71371505 782782
214114515 2314312
214114515 2280278
71371505 748748
42822903 442442
214114515 2178176
71371505 714714
214114515 2110108
214114515 2076074
14274301 136136
214114515 2008006
214114515 1973972
3756395 34034
214114515 1905904
42822903 374374
71371505 612612
214114515 1803802
214114515 1769768
71371505 578578
42822903 340340
214114515 1667666
71371505 544544
214114515 1599598
214114515 1565564
14274301 102102
214114515 1497496
214114515 1463462
71371505 476476
214114515 1395394
42822903 272272
71371505 442442
11269185 68068
214114515 1259258
71371505 408408
42822903 238238
214114515 1157156
71371505 374374
214114515 1089088
214114515 1055054
14274301 68068
214114515 986986
214114515 952952
71371505 306306
214114515 884884
42822903 170170
71371505 272272
214114515 782782
214114515 748748
71371505 238238
42822903 136136
11269185 34034
71371505 204204
214114515 578578
214114515 544544
14274301 34034
214114515 476476
214114515 442442
71371505 136136
214114515 374374
42822903 68068
71371505 102102
214114515 272272
214114515 238238
71371505 68068
42822903 34034
214114515 136136
71371505 34034
214114515 68068
214114515 34034
275295799 4084080
1376478995 20216196
1376478995 20011992
1376478995 19807788
1376478995 19603584
275295799 3879876
1376478995 19195176
1376478995 18990972
1376478995 18786768
1376478995 18582564
275295799 3675672
1376478995 18174156
1376478995 17969952
1376478995 17765748
1376478995 17561544
275295799 3471468
1376478995 17153136
1376478995 16948932
1376478995 16744728
1376478995 16540524
275295799 3267264
1376478995 16132116
1376478995 15927912
1376478995 15723708
1376478995 15519504
275295799 3063060
37202135 408408
1376478995 14906892
1376478995 14702688
1376478995 14498484
275295799 2858856
1376478995 14090076
1376478995 13885872
1376478995 13681668
1376478995 13477464
275295799 2654652
1376478995 13069056
1376478995 12864852
1376478995 12660648
1376478995 12456444
275295799 2450448
1376478995 12048036
1376478995 11843832
1376478995 11639628
1376478995 11435424
275295799 2246244
1376478995 11027016
1376478995 10822812
1376478995 10618608
1376478995 10414404
275295799 2042040
1376478995 10005996
1376478995 9801792
1376478995 9597588
1376478995 9393384
275295799 1837836
1376478995 8984976
1376478995 8780772
1376478995 8576568
1376478995 8372364
275295799 1633632
1376478995 7963956
1376478995 7759752
37202135 204204
1376478995 7351344
275295799 1429428
1376478995 6942936
1376478995 6738732
1376478995 6534528
1376478995 6330324
275295799 1225224
1376478995 5921916
1376478995 5717712
1376478995 5513508
1376478995 5309304
275295799 1021020
1376478995 4900896
1376478995 4696692
1376478995 4492488
1376478995 4288284
275295799 816816
1376478995 3879876
1376478995 3675672
1376478995 3471468
1376478995 3267264
275295799 612612
1376478995 2858856
1376478995 2654652
1376478995 2450448
1376478995 2246244
275295799 408408
1376478995 1837836
1376478995 1633632
1376478995 1429428
1376478995 1225224
275295799 204204
1376478995 816816
1376478995 612612
1376478995 408408
1376478995 204204
279175675 3879876
6979391875 96026931
6979391875 95056962
6979391875 94086993
6979391875 93117024
1395878375 18429411
6979391875 91177086
6979391875 90207117
6979391875 89237148
6979391875 88267179
1395878375 17459442
6979391875 86327241
6979391875 85357272
6979391875 84387303
6979391875 83417334
1395878375 16489473
6979391875 81477396
6979391875 80507427
6979391875 79537458
6979391875 78567489
1395878375 15519504
6979391875 76627551
6979391875 75657582
6979391875 74687613
6979391875 73717644
279175675 2909907
6979391875 71777706
6979391875 70807737
6979391875 69837768
6979391875 68867799
1395878375 13579566
6979391875 66927861
6979391875 65957892
6979391875 64987923
6979391875 64017954
1395878375 12609597
6979391875 62078016
6979391875 61108047
6979391875 60138078
6979391875 59168109
1395878375 11639628
6979391875 57228171
6979391875 56258202
6979391875 55288233
6979391875 54318264
1395878375 10669659
6979391875 52378326
6979391875 51408357
6979391875 50438388
6979391875 49468419
279175675 1939938
6979391875 47528481
6979391875 46558512
6979391875 45588543
6979391875 44618574
1395878375 8729721
6979391875 42678636
6979391875 41708667
6979391875 40738698
6979391875 39768729
1395878375 7759752
6979391875 37828791
6979391875 36858822
6979391875 35888853
6979391875 34918884
1395878375 6789783
6979391875 32978946
6979391875 32008977
6979391875 31039008
6979391875 30069039
1395878375 5819814
6979391875 28129101
6979391875 27159132
6979391875 26189163
6979391875 25219194
279175675 969969
6979391875 23279256
6979391875 22309287
6979391875 21339318
6979391875 20369349
1395878375 3879876
6979391875 18429411
6979391875 17459442
6979391875 16489473
6979391875 15519504
1395878375 2909907
6979391875 13579566
6979391875 12609597
6979391875 11639628
6979391875 10669659
1395878375 1939938
6979391875 8729721
6979391875 7759752
6979391875 6789783
6979391875 5819814
1395878375 969969
6979391875 3879876
6979391875 2909907
6979391875 1939938
6979391875 969969
56574159 739024
471451325 6096948
1414353975 18106088
1414353975 17921332
471451325 5912192
282870795 3510364
1414353975 17367064
471451325 5727436
1414353975 16997552
1414353975 16812796
94290265 1108536
1414353975 16443284
1414353975 16258528
471451325 5357924
1414353975 15889016
282870795 3140852
471451325 5173168
1414353975 15334748
1414353975 15149992
471451325 4988412
282870795 2956096
1414353975 14595724
471451325 4803656
1414353975 14226212
1414353975 14041456
18858053 184756
1414353975 13671944
1414353975 13487188
471451325 4434144
1414353975 13117676
282870795 2586584
471451325 4249388
1414353975 12563408
1414353975 12378652
471451325 4064632
282870795 2401828
1414353975 11824384
471451325 3879876
1414353975 11454872
1414353975 11270116
94290265 739024
1414353975 10900604
1414353975 10715848
471451325 3510364
1414353975 10346336
282870795 2032316
471451325 3325608
1414353975 9792068
1414353975 9607312
471451325 3140852
56574159 369512
1414353975 9053044
471451325 2956096
1414353975 8683532
1414353975 8498776
94290265 554268
1414353975 8129264
1414353975 7944508
471451325 2586584
1414353975 7574996
282870795 1478048
471451325 2401828
1414353975 7020728
1414353975 6835972
471451325 2217072
282870795 1293292
1414353975 6281704
471451325 2032316
1414353975 5912192
1414353975 5727436
94290265 369512
1414353975 5357924
1414353975 5173168
471451325 1662804
1414353975 4803656
56574159 184756
471451325 1478048
1414353975 4249388
1414353975 4064632
471451325 1293292
282870795 739024
1414353975 3510364
471451325 1108536
1414353975 3140852
1414353975 2956096
94290265 184756
1414353975 2586584
1414353975 2401828
471451325 739024
1414353975 2032316
282870795 369512
471451325 554268
1414353975 1478048
1414353975 1293292
471451325 369512
282870795 184756
1414353975 739024
471451325 184756
1414353975 369512
1414353975 184756
19093197 235144
159109975 1939938
477329925 5761028
477329925 5702242
159109975 1881152
95465985 1116934
477329925 5525884
159109975 1822366
20753475 235144
477329925 5349526
31821995 352716
477329925 5231954
477329925 5173168
159109975 1704794
477329925 5055596
95465985 999362
159109975 1646008
477329925 4879238
477329925 4820452
159109975 1587222
95465985 940576
477329925 4644094
159109975 1528436
477329925 4526522
477329925 4467736
6364399 58786
477329925 4350164
477329925 4291378
159109975 1410864
477329925 4173806
95465985 823004
6917825 58786
477329925 3997448
477329925 3938662
159109975 1293292
95465985 764218
477329925 3762304
159109975 1234506
477329925 3644732
477329925 3585946
31821995 235144
477329925 3468374
477329925 3409588
159109975 1116934
477329925 3292016
95465985 646646
159109975 1058148
9006225 58786
477329925 3056872
159109975 999362
19093197 117572
477329925 2880514
159109975 940576
477329925 2762942
20753475 117572
31821995 176358
477329925 2586584
477329925 2527798
159109975 823004
477329925 2410226
95465985 470288
159109975 764218
477329925 2233868
477329925 2175082
159109975 705432
95465985 411502
477329925 1998724
159109975 646646
477329925 1881152
477329925 1822366
31821995 117572
477329925 1704794
477329925 1646008
159109975 529074
477329925 1528436
19093197 58786
159109975 470288
20753475 58786
477329925 1293292
159109975 411502
95465985 235144
477329925 1116934
159109975 352716
477329925 999362
477329925 940576
31821995 58786
477329925 823004
477329925 764218
159109975 235144
477329925 646646
95465985 117572
159109975 176358
477329925 470288
477329925 411502
159109975 117572
95465985 58786
477329925 235144
159109975 58786
477329925 117572
477329925 58786
444316699 5173168
11107917475 128035908
11107917475 126742616
11107917475 125449324
11107917475 124156032
2221583495 24572548
11107917475 121569448
11107917475 120276156
11107917475 118982864
11107917475 117689572
2221583495 23279256
11107917475 115102988
11107917475 113809696
11107917475 112516404
11107917475 111223112
2221583495 21985964
11107917475 108636528
11107917475 107343236
11107917475 106049944
11107917475 104756652
2221583495 20692672
11107917475 102170068
11107917475 100876776
11107917475 99583484
11107917475 98290192
444316699 3879876
11107917475 95703608
11107917475 94410316
11107917475 93117024
11107917475 91823732
2221583495 18106088
11107917475 89237148
11107917475 87943856
11107917475 86650564
11107917475 85357272
2221583495 16812796
11107917475 82770688
11107917475 81477396
11107917475 80184104
11107917475 78890812
2221583495 15519504
11107917475 76304228
11107917475 75010936
11107917475 73717644
11107917475 72424352
2221583495 14226212
11107917475 69837768
11107917475 68544476
11107917475 67251184
11107917475 65957892
444316699 2586584
11107917475 63371308
11107917475 62078016
11107917475 60784724
11107917475 59491432
2221583495 11639628
11107917475 56904848
11107917475 55611556
11107917475 54318264
11107917475 53024972
2221583495 10346336
11107917475 50438388
11107917475 49145096
11107917475 47851804
11107917475 46558512
2221583495 9053044
11107917475 43971928
11107917475 42678636
11107917475 41385344
11107917475 40092052
2221583495 7759752
11107917475 37505468
11107917475 36212176
11107917475 34918884
11107917475 33625592
444316699 1293292
11107917475 31039008
11107917475 29745716
11107917475 28452424
11107917475 27159132
2221583495 5173168
11107917475 24572548
11107917475 23279256
11107917475 21985964
11107917475 20692672
2221583495 3879876
11107917475 18106088
11107917475 16812796
11107917475 15519504
11107917475 14226212
2221583495 2586584
11107917475 11639628
11107917475 10346336
11107917475 9053044
11107917475 7759752
2221583495 1293292
11107917475 5173168
11107917475 3879876
11107917475 2586584
11107917475 1293292
1347822955 14872858
67391147750 736206471
33695573875 364385021
67391147750 721333613
33695573875 356948592
13478229550 141292151
33695573875 349512163
67391147750 691587897
33695573875 342075734
67391147750 676715039
6739114775 66927861
67391147750 661842181
33695573875 327202876
67391147750 646969323
33695573875 319766447
13478229550 126419293
33695573875 312330018
67391147750 617223607
33695573875 304893589
67391147750 602350749
6739114775 59491432
67391147750 587477891
33695573875 290020731
67391147750 572605033
33695573875 282584302
2695645910 22309287
33695573875 275147873
67391147750 542859317
33695573875 267711444
67391147750 527986459
6739114775 52055003
67391147750 513113601
33695573875 252838586
67391147750 498240743
33695573875 245402157
13478229550 96673577
33695573875 237965728
67391147750 468495027
33695573875 230529299
67391147750 453622169
6739114775 44618574
67391147750 438749311
33695573875 215656441
67391147750 423876453
33695573875 208220012
13478229550 81800719
33695573875 200783583
67391147750 394130737
33695573875 193347154
67391147750 379257879
1347822955 7436429
67391147750 364385021
33695573875 178474296
67391147750 349512163
33695573875 171037867
13478229550 66927861
33695573875 163601438
67391147750 319766447
33695573875 156165009
67391147750 304893589
6739114775 29745716
67391147750 290020731
33695573875 141292151
67391147750 275147873
33695573875 133855722
13478229550 52055003
33695573875 126419293
67391147750 245402157
33695573875 118982864
67391147750 230529299
6739114775 22309287
67391147750 215656441
33695573875 104110006
67391147750 200783583
33695573875 96673577
2695645910 7436429
33695573875 89237148
67391147750 171037867
33695573875 81800719
67391147750 156165009
6739114775 14872858
67391147750 141292151
33695573875 66927861
67391147750 126419293
33695573875 59491432
13478229550 22309287
33695573875 52055003
67391147750 96673577
33695573875 44618574
67391147750 81800719
6739114775 7436429
67391147750 66927861
33695573875 29745716
67391147750 52055003
33695573875 22309287
13478229550 7436429
33695573875 14872858
67391147750 22309287
33695573875 7436429
67391147750 7436429
34052522467 356948592
851313061675 8834477652
851313061675 8745240504
851313061675 8656003356
851313061675 8566766208
170262612335 1695505812
851313061675 8388291912
851313061675 8299054764
851313061675 8209817616
851313061675 8120580468
170262612335 1606268664
851313061675 7942106172
851313061675 7852869024
851313061675 7763631876
851313061675 7674394728
170262612335 1517031516
851313061675 7495920432
851313061675 7406683284
851313061675 7317446136
851313061675 7228208988
170262612335 1427794368
851313061675 7049734692
851313061675 6960497544
851313061675 6871260396
851313061675 6782023248
34052522467 267711444
851313061675 6603548952
851313061675 6514311804
851313061675 6425074656
851313061675 6335837508
170262612335 1249320072
851313061675 6157363212
851313061675 6068126064
851313061675 5978888916
851313061675 5889651768
170262612335 1160082924
851313061675 5711177472
851313061675 5621940324
851313061675 5532703176
851313061675 5443466028
170262612335 1070845776
851313061675 5264991732
851313061675 5175754584
851313061675 5086517436
851313061675 4997280288
170262612335 981608628
851313061675 4818805992
851313061675 4729568844
851313061675 4640331696
851313061675 4551094548
34052522467 178474296
851313061675 4372620252
851313061675 4283383104
851313061675 4194145956
851313061675 4104908808
170262612335 803134332
851313061675 3926434512
851313061675 3837197364
851313061675 3747960216
851313061675 3658723068
170262612335 713897184
851313061675 3480248772
851313061675 3391011624
851313061675 3301774476
851313061675 3212537328
170262612335 624660036
851313061675 3034063032
851313061675 2944825884
851313061675 2855588736
851313061675 2766351588
170262612335 535422888
851313061675 2587877292
851313061675 2498640144
851313061675 2409402996
851313061675 2320165848
34052522467 89237148
851313061675 2141691552
851313061675 2052454404
851313061675 1963217256
851313061675 1873980108
170262612335 356948592
851313061675 1695505812
851313061675 1606268664
851313061675 1517031516
851313061675 1427794368
170262612335 267711444
851313061675 1249320072
851313061675 1160082924
851313061675 1070845776
851313061675 981608628
170262612335 178474296
851313061675 803134332
851313061675 713897184
851313061675 624660036
851313061675 535422888
170262612335 89237148
851313061675 356948592
851313061675 267711444
851313061675 178474296
851313061675 89237148
34395742267 343219800
34395742267 339787602
34395742267 336355404
34395742267 332923206
34395742267 329491008
34395742267 326058810
34395742267 322626612
34395742267 319194414
34395742267 315762216
34395742267 312330018
34395742267 308897820
34395742267 305465622
34395742267 302033424
34395742267 298601226
34395742267 295169028
34395742267 291736830
34395742267 288304632
34395742267 284872434
34395742267 281440236
34395742267 278008038
34395742267 274575840
34395742267 271143642
34395742267 267711444
34395742267 264279246
34395742267 260847048
34395742267 257414850
34395742267 253982652
34395742267 250550454
34395742267 247118256
34395742267 243686058
34395742267 240253860
34395742267 236821662
34395742267 233389464
34395742267 229957266
34395742267 226525068
34395742267 223092870
34395742267 219660672
34395742267 216228474
34395742267 212796276
34395742267 209364078
34395742267 205931880
34395742267 202499682
34395742267 199067484
34395742267 195635286
34395742267 192203088
34395742267 188770890
34395742267 185338692
34395742267 181906494
34395742267 178474296
34395742267 175042098
34395742267 171609900
34395742267 168177702
34395742267 164745504
34395742267 161313306
34395742267 157881108
34395742267 154448910
34395742267 151016712
34395742267 147584514
34395742267 144152316
34395742267 140720118
34395742267 137287920
34395742267 133855722
34395742267 130423524
34395742267 126991326
34395742267 123559128
34395742267 120126930
34395742267 116694732
34395742267 113262534
34395742267 109830336
34395742267 106398138
34395742267 102965940
34395742267 99533742
34395742267 96101544
34395742267 92669346
34395742267 89237148
34395742267 85804950
34395742267 82372752
34395742267 78940554
34395742267 75508356
34395742267 72076158
34395742267 68643960
34395742267 65211762
34395742267 61779564
34395742267 58347366
34395742267 54915168
34395742267 51482970
34395742267 48050772
34395742267 44618574
34395742267 41186376
34395742267 37754178
34395742267 34321980
34395742267 30889782
34395742267 27457584
34395742267 24025386
34395742267 20593188
34395742267 17160990
34395742267 13728792
34395742267 10296594
34395742267 6864396
34395742267 3432198
312536252003 2974571600
312536252003 2944825884
312536252003 2915080168
312536252003 2885334452
312536252003 2855588736
312536252003 2825843020
312536252003 2796097304
312536252003 2766351588
312536252003 2736605872
312536252003 2706860156
312536252003 2677114440
312536252003 2647368724
312536252003 2617623008
312536252003 2587877292
312536252003 2558131576
312536252003 2528385860
312536252003 2498640144
312536252003 2468894428
312536252003 2439148712
312536252003 2409402996
312536252003 2379657280
312536252003 2349911564
312536252003 2320165848
312536252003 2290420132
312536252003 2260674416
312536252003 2230928700
312536252003 2201182984
312536252003 2171437268
312536252003 2141691552
312536252003 2111945836
312536252003 2082200120
312536252003 2052454404
312536252003 2022708688
312536252003 1992962972
312536252003 1963217256
312536252003 1933471540
312536252003 1903725824
312536252003 1873980108
312536252003 1844234392
312536252003 1814488676
312536252003 1784742960
312536252003 1754997244
312536252003 1725251528
312536252003 1695505812
312536252003 1665760096
312536252003 1636014380
312536252003 1606268664
312536252003 1576522948
312536252003 1546777232
312536252003 1517031516
312536252003 1487285800
312536252003 1457540084
312536252003 1427794368
312536252003 1398048652
312536252003 1368302936
312536252003 1338557220
312536252003 1308811504
312536252003 1279065788
312536252003 1249320072
312536252003 1219574356
312536252003 1189828640
312536252003 1160082924
312536252003 1130337208
312536252003 1100591492
312536252003 1070845776
312536252003 1041100060
312536252003 1011354344
312536252003 981608628
312536252003 951862912
312536252003 922117196
312536252003 892371480
312536252003 862625764
312536252003 832880048
312536252003 803134332
312536252003 773388616
312536252003 743642900
312536252003 713897184
312536252003 684151468
312536252003 654405752
312536252003 624660036
312536252003 594914320
312536252003 565168604
312536252003 535422888
312536252003 505677172
312536252003 475931456
312536252003 446185740
312536252003 416440024
312536252003 386694308
312536252003 356948592
312536252003 327202876
312536252003 297457160
312536252003 267711444
312536252003 237965728
312536252003 208220012
312536252003 178474296
312536252003 148728580
312536252003 118982864
312536252003 89237148
312536252003 59491432
312536252003 29745716
315404588903 2868336900
315404588903 2839653531
315404588903 2810970162
315404588903 2782286793
315404588903 2753603424
315404588903 2724920055
315404588903 2696236686
315404588903 2667553317
315404588903 2638869948
315404588903 2610186579
315404588903 2581503210
315404588903 2552819841
315404588903 2524136472
10876020307 86050107
315404588903 2466769734
315404588903 2438086365
315404588903 2409402996
315404588903 2380719627
315404588903 2352036258
315404588903 2323352889
315404588903 2294669520
315404588903 2265986151
315404588903 2237302782
315404588903 2208619413
315404588903 2179936044
315404588903 2151252675
315404588903 2122569306
315404588903 2093885937
315404588903 2065202568
315404588903 2036519199
315404588903 2007835830
315404588903 1979152461
315404588903 1950469092
315404588903 1921785723
315404588903 1893102354
315404588903 1864418985
315404588903 1835735616
315404588903 1807052247
315404588903 1778368878
315404588903 1749685509
315404588903 1721002140
315404588903 1692318771
10876020307 57366738
315404588903 1634952033
315404588903 1606268664
315404588903 1577585295
315404588903 1548901926
315404588903 1520218557
315404588903 1491535188
315404588903 1462851819
315404588903 1434168450
315404588903 1405485081
315404588903 1376801712
315404588903 1348118343
315404588903 1319434974
315404588903 1290751605
315404588903 1262068236
315404588903 1233384867
315404588903 1204701498
315404588903 1176018129
315404588903 1147334760
315404588903 1118651391
315404588903 1089968022
315404588903 1061284653
315404588903 1032601284
315404588903 1003917915
315404588903 975234546
315404588903 946551177
315404588903 917867808
315404588903 889184439
315404588903 860501070
10876020307 28683369
315404588903 803134332
315404588903 774450963
315404588903 745767594
315404588903 717084225
315404588903 688400856
315404588903 659717487
315404588903 631034118
315404588903 602350749
315404588903 573667380
315404588903 544984011
315404588903 516300642
315404588903 487617273
315404588903 458933904
315404588903 430250535
315404588903 401567166
315404588903 372883797
315404588903 344200428
315404588903 315517059
315404588903 286833690
315404588903 258150321
315404588903 229466952
315404588903 200783583
315404588903 172100214
315404588903 143416845
315404588903 114733476
315404588903 86050107
315404588903 57366738
315404588903 28683369
9227046511387 80313433200
9227046511387 79510298868
9227046511387 78707164536
9227046511387 77904030204
9227046511387 77100895872
9227046511387 76297761540
9227046511387 75494627208
9227046511387 74691492876
9227046511387 73888358544
9227046511387 73085224212
9227046511387 72282089880
9227046511387 71478955548
9227046511387 70675821216
9227046511387 69872686884
214582477009 1606268664
9227046511387 68266418220
9227046511387 67463283888
9227046511387 66660149556
9227046511387 65857015224
9227046511387 65053880892
9227046511387 64250746560
9227046511387 63447612228
9227046511387 62644477896
9227046511387 61841343564
9227046511387 61038209232
9227046511387 60235074900
9227046511387 59431940568
9227046511387 58628806236
9227046511387 57825671904
9227046511387 57022537572
9227046511387 56219403240
9227046511387 55416268908
9227046511387 54613134576
9227046511387 53810000244
9227046511387 53006865912
9227046511387 52203731580
9227046511387 51400597248
9227046511387 50597462916
9227046511387 49794328584
9227046511387 48991194252
9227046511387 48188059920
9227046511387 47384925588
9227046511387 46581791256
9227046511387 45778656924
9227046511387 44975522592
9227046511387 44172388260
9227046511387 43369253928
9227046511387 42566119596
9227046511387 41762985264
9227046511387 40959850932
9227046511387 40156716600
9227046511387 39353582268
9227046511387 38550447936
9227046511387 37747313604
9227046511387 36944179272
9227046511387 36141044940
9227046511387 35337910608
214582477009 803134332
9227046511387 33731641944
9227046511387 32928507612
9227046511387 32125373280
9227046511387 31322238948
9227046511387 30519104616
9227046511387 29715970284
9227046511387 28912835952
9227046511387 28109701620
9227046511387 27306567288
9227046511387 26503432956
9227046511387 25700298624
9227046511387 24897164292
9227046511387 24094029960
9227046511387 23290895628
9227046511387 22487761296
9227046511387 21684626964
9227046511387 20881492632
9227046511387 20078358300
9227046511387 19275223968
9227046511387 18472089636
9227046511387 17668955304
9227046511387 16865820972
9227046511387 16062686640
9227046511387 15259552308
9227046511387 14456417976
9227046511387 13653283644
9227046511387 12850149312
9227046511387 12047014980
9227046511387 11243880648
9227046511387 10440746316
9227046511387 9637611984
9227046511387 8834477652
9227046511387 8031343320
9227046511387 7228208988
9227046511387 6425074656
9227046511387 5621940324
9227046511387 4818805992
9227046511387 4015671660
9227046511387 3212537328
9227046511387 2409402996
9227046511387 1606268664
9227046511387 803134332
9304682830147 77636318760
46523414150735 384299777862
46523414150735 380417961924
46523414150735 376536145986
46523414150735 372654330048
9304682830147 73754502822
46523414150735 364890698172
1500755295185 11645447814
46523414150735 357127066296
46523414150735 353245250358
9304682830147 69872686884
46523414150735 345481618482
46523414150735 341599802544
46523414150735 337717986606
46523414150735 333836170668
9304682830147 65990870946
46523414150735 326072538792
46523414150735 322190722854
46523414150735 318308906916
46523414150735 314427090978
9304682830147 62109055008
46523414150735 306663459102
46523414150735 302781643164
46523414150735 298899827226
46523414150735 295018011288
9304682830147 58227239070
46523414150735 287254379412
46523414150735 283372563474
46523414150735 279490747536
46523414150735 275608931598
9304682830147 54345423132
46523414150735 267845299722
46523414150735 263963483784
46523414150735 260081667846
46523414150735 256199851908
9304682830147 50463607194
46523414150735 248436220032
46523414150735 244554404094
1500755295185 7763631876
46523414150735 236790772218
9304682830147 46581791256
46523414150735 229027140342
46523414150735 225145324404
46523414150735 221263508466
46523414150735 217381692528
9304682830147 42699975318
46523414150735 209618060652
877800266995 3881815938
46523414150735 201854428776
46523414150735 197972612838
9304682830147 38818159380
46523414150735 190208980962
46523414150735 186327165024
46523414150735 182445349086
46523414150735 178563533148
9304682830147 34936343442
46523414150735 170799901272
46523414150735 166918085334
46523414150735 163036269396
46523414150735 159154453458
9304682830147 31054527504
46523414150735 151390821582
46523414150735 147509005644
46523414150735 143627189706
46523414150735 139745373768
9304682830147 27172711566
46523414150735 131981741892
46523414150735 128099925954
46523414150735 124218110016
1500755295185 3881815938
9304682830147 23290895628
46523414150735 112572662202
46523414150735 108690846264
46523414150735 104809030326
46523414150735 100927214388
9304682830147 19409079690
46523414150735 93163582512
46523414150735 89281766574
46523414150735 85399950636
46523414150735 81518134698
9304682830147 15527263752
46523414150735 73754502822
46523414150735 69872686884
46523414150735 65990870946
46523414150735 62109055008
9304682830147 11645447814
46523414150735 54345423132
46523414150735 50463607194
46523414150735 46581791256
46523414150735 42699975318
9304682830147 7763631876
46523414150735 34936343442
46523414150735 31054527504
46523414150735 27172711566
46523414150735 23290895628
9304682830147 3881815938
46523414150735 15527263752
46523414150735 11645447814
46523414150735 7763631876
46523414150735 3881815938
290774257297357 2329089562800
290774257297357 2305798667172
290774257297357 2282507771544
290774257297357 2259216875916
290774257297357 2235925980288
290774257297357 2212635084660
290774257297357 2189344189032
290774257297357 2166053293404
290774257297357 2142762397776
290774257297357 2119471502148
290774257297357 2096180606520
290774257297357 2072889710892
290774257297357 2049598815264
290774257297357 2026307919636
290774257297357 2003017024008
290774257297357 1979726128380
290774257297357 1956435232752
290774257297357 1933144337124
290774257297357 1909853441496
290774257297357 1886562545868
290774257297357 1863271650240
290774257297357 1839980754612
290774257297357 1816689858984
290774257297357 1793398963356
290774257297357 1770108067728
290774257297357 1746817172100
290774257297357 1723526276472
290774257297357 1700235380844
290774257297357 1676944485216
290774257297357 1653653589588
290774257297357 1630362693960
290774257297357 1607071798332
290774257297357 1583780902704
290774257297357 1560490007076
290774257297357 1537199111448
290774257297357 1513908215820
290774257297357 1490617320192
290774257297357 1467326424564
290774257297357 1444035528936
290774257297357 1420744633308
290774257297357 1397453737680
290774257297357 1374162842052
290774257297357 1350871946424
290774257297357 1327581050796
290774257297357 1304290155168
290774257297357 1280999259540
290774257297357 1257708363912
290774257297357 1234417468284
290774257297357 1211126572656
290774257297357 1187835677028
290774257297357 1164544781400
290774257297357 1141253885772
290774257297357 1117962990144
290774257297357 1094672094516
290774257297357 1071381198888
290774257297357 1048090303260
290774257297357 1024799407632
290774257297357 1001508512004
290774257297357 978217616376
290774257297357 954926720748
290774257297357 931635825120
290774257297357 908344929492
290774257297357 885054033864
290774257297357 861763138236
290774257297357 838472242608
290774257297357 815181346980
290774257297357 791890451352
290774257297357 768599555724
290774257297357 745308660096
290774257297357 722017764468
290774257297357 698726868840
290774257297357 675435973212
290774257297357 652145077584
290774257297357 628854181956
290774257297357 605563286328
290774257297357 582272390700
290774257297357 558981495072
290774257297357 535690599444
290774257297357 512399703816
290774257297357 489108808188
290774257297357 465817912560
290774257297357 442527016932
290774257297357 419236121304
290774257297357 395945225676
290774257297357 372654330048
290774257297357 349363434420
290774257297357 326072538792
290774257297357 302781643164
290774257297357 279490747536
290774257297357 256199851908
290774257297357 232908956280
290774257297357 209618060652
290774257297357 186327165024
290774257297357 163036269396
290774257297357 139745373768
290774257297357 116454478140
290774257297357 93163582512
290774257297357 69872686884
290774257297357 46581791256
290774257297357 23290895628
586061125622639 4512611027925
2344244502490556 17869939670583
1172122251245278 8844717614733
2344244502490556 17508930788349
586061125622639 4332106586808
2344244502490556 17147921906115
1172122251245278 8483708732499
2344244502490556 16786913023881
586061125622639 4151602145691
2344244502490556 16425904141647
1172122251245278 8122699850265
2344244502490556 16064895259413
586061125622639 3971097704574
2344244502490556 15703886377179
1172122251245278 7761690968031
2344244502490556 15342877494945
586061125622639 3790593263457
2344244502490556 14981868612711
1172122251245278 7400682085797
2344244502490556 14620859730477
586061125622639 3610088822340
2344244502490556 14259850848243
1172122251245278 7039673203563
2344244502490556 13898841966009
586061125622639 3429584381223
2344244502490556 13537833083775
1172122251245278 6678664321329
2344244502490556 13176824201541
586061125622639 3249079940106
2344244502490556 12815815319307
1172122251245278 6317655439095
2344244502490556 12454806437073
586061125622639 3068575498989
2344244502490556 12093797554839
1172122251245278 5956646556861
2344244502490556 11732788672605
586061125622639 2888071057872
2344244502490556 11371779790371
1172122251245278 5595637674627
2344244502490556 11010770908137
586061125622639 2707566616755
2344244502490556 10649762025903
1172122251245278 5234628792393
2344244502490556 10288753143669
586061125622639 2527062175638
2344244502490556 9927744261435
1172122251245278 4873619910159
2344244502490556 9566735379201
586061125622639 2346557734521
2344244502490556 9205726496967
1172122251245278 4512611027925
2344244502490556 8844717614733
586061125622639 2166053293404
2344244502490556 8483708732499
1172122251245278 4151602145691
2344244502490556 8122699850265
586061125622639 1985548852287
2344244502490556 7761690968031
1172122251245278 3790593263457
2344244502490556 7400682085797
586061125622639 1805044411170
2344244502490556 7039673203563
1172122251245278 3429584381223
2344244502490556 6678664321329
586061125622639 1624539970053
2344244502490556 6317655439095
1172122251245278 3068575498989
2344244502490556 5956646556861
586061125622639 1444035528936
2344244502490556 5595637674627
1172122251245278 2707566616755
2344244502490556 5234628792393
586061125622639 1263531087819
2344244502490556 4873619910159
1172122251245278 2346557734521
2344244502490556 4512611027925
586061125622639 1083026646702
2344244502490556 4151602145691
1172122251245278 1985548852287
2344244502490556 3790593263457
586061125622639 902522205585
2344244502490556 3429584381223
1172122251245278 1624539970053
2344244502490556 3068575498989
586061125622639 722017764468
2344244502490556 2707566616755
1172122251245278 1263531087819
2344244502490556 2346557734521
586061125622639 541513323351
2344244502490556 1985548852287
1172122251245278 902522205585
2344244502490556 1624539970053
586061125622639 361008882234
2344244502490556 1263531087819
1172122251245278 541513323351
2344244502490556 902522205585
586061125622639 180504441117
2344244502490556 541513323351
1172122251245278 180504441117
2344244502490556 180504441117
590436990861839 4375865239200
53676090078349 393827871528
590436990861839 4288347934416
590436990861839 4244589282024
590436990861839 4200830629632
590436990861839 4157071977240
590436990861839 4113313324848
590436990861839 4069554672456
590436990861839 4025796020064
590436990861839 3982037367672
590436990861839 3938278715280
590436990861839 3894520062888
53676090078349 350069219136
590436990861839 3807002758104
590436990861839 3763244105712
590436990861839 3719485453320
590436990861839 3675726800928
590436990861839 3631968148536
590436990861839 3588209496144
590436990861839 3544450843752
590436990861839 3500692191360
590436990861839 3456933538968
590436990861839 3413174886576
53676090078349 306310566744
590436990861839 3325657581792
590436990861839 3281898929400
590436990861839 3238140277008
590436990861839 3194381624616
590436990861839 3150622972224
590436990861839 3106864319832
590436990861839 3063105667440
590436990861839 3019347015048
590436990861839 2975588362656
590436990861839 2931829710264
53676090078349 262551914352
590436990861839 2844312405480
590436990861839 2800553753088
590436990861839 2756795100696
590436990861839 2713036448304
590436990861839 2669277795912
590436990861839 2625519143520
590436990861839 2581760491128
590436990861839 2538001838736
590436990861839 2494243186344
590436990861839 2450484533952
53676090078349 218793261960
590436990861839 2362967229168
590436990861839 2319208576776
590436990861839 2275449924384
590436990861839 2231691271992
590436990861839 2187932619600
590436990861839 2144173967208
590436990861839 2100415314816
590436990861839 2056656662424
590436990861839 2012898010032
590436990861839 1969139357640
53676090078349 175034609568
590436990861839 1881622052856
590436990861839 1837863400464
590436990861839 1794104748072
590436990861839 1750346095680
590436990861839 1706587443288
590436990861839 1662828790896
590436990861839 1619070138504
590436990861839 1575311486112
590436990861839 1531552833720
590436990861839 1487794181328
53676090078349 131275957176
590436990861839 1400276876544
590436990861839 1356518224152
590436990861839 1312759571760
590436990861839 1269000919368
590436990861839 1225242266976
590436990861839 1181483614584
590436990861839 1137724962192
590436990861839 1093966309800
590436990861839 1050207657408
590436990861839 1006449005016
53676090078349 87517304784
590436990861839 918931700232
590436990861839 875173047840
590436990861839 831414395448
590436990861839 787655743056
590436990861839 743897090664
590436990861839 700138438272
590436990861839 656379785880
590436990861839 612621133488
590436990861839 568862481096
590436990861839 525103828704
53676090078349 43758652392
590436990861839 437586523920
590436990861839 393827871528
590436990861839 350069219136
590436990861839 306310566744
590436990861839 262551914352
590436990861839 218793261960
590436990861839 175034609568
590436990861839 131275957176
590436990861839 87517304784
590436990861839 43758652392
54062195834749 386105756400
54062195834749 382244698836
54062195834749 378383641272
54062195834749 374522583708
54062195834749 370661526144
54062195834749 366800468580
54062195834749 362939411016
54062195834749 359078353452
54062195834749 355217295888
54062195834749 351356238324
54062195834749 347495180760
54062195834749 343634123196
54062195834749 339773065632
54062195834749 335912008068
54062195834749 332050950504
54062195834749 328189892940
54062195834749 324328835376
54062195834749 320467777812
54062195834749 316606720248
54062195834749 312745662684
54062195834749 308884605120
54062195834749 305023547556
54062195834749 301162489992
54062195834749 297301432428
54062195834749 293440374864
54062195834749 289579317300
54062195834749 285718259736
54062195834749 281857202172
54062195834749 277996144608
54062195834749 274135087044
54062195834749 270274029480
54062195834749 266412971916
54062195834749 262551914352
54062195834749 258690856788
54062195834749 254829799224
54062195834749 250968741660
54062195834749 247107684096
54062195834749 243246626532
54062195834749 239385568968
54062195834749 235524511404
54062195834749 231663453840
54062195834749 227802396276
54062195834749 223941338712
54062195834749 220080281148
54062195834749 216219223584
54062195834749 212358166020
54062195834749 208497108456
54062195834749 204636050892
54062195834749 200774993328
54062195834749 196913935764
54062195834749 193052878200
54062195834749 189191820636
54062195834749 185330763072
54062195834749 181469705508
54062195834749 177608647944
54062195834749 173747590380
54062195834749 169886532816
54062195834749 166025475252
54062195834749 162164417688
54062195834749 158303360124
54062195834749 154442302560
54062195834749 150581244996
54062195834749 146720187432
54062195834749 142859129868
54062195834749 138998072304
54062195834749 135137014740
54062195834749 131275957176
54062195834749 127414899612
54062195834749 123553842048
54062195834749 119692784484
54062195834749 115831726920
54062195834749 111970669356
54062195834749 108109611792
54062195834749 104248554228
54062195834749 100387496664
54062195834749 96526439100
54062195834749 92665381536
54062195834749 88804323972
54062195834749 84943266408
54062195834749 81082208844
54062195834749 77221151280
54062195834749 73360093716
54062195834749 69499036152
54062195834749 65637978588
54062195834749 61776921024
54062195834749 57915863460
54062195834749 54054805896
54062195834749 50193748332
54062195834749 46332690768
54062195834749 42471633204
54062195834749 38610575640
54062195834749 34749518076
54062195834749 30888460512
54062195834749 27027402948
54062195834749 23166345384
54062195834749 19305287820
54062195834749 15444230256
54062195834749 11583172692
54062195834749 7722115128
54062195834749 3861057564
54437269998109 375074163360
272186349990545 1856617108632
272186349990545 1837863400464
272186349990545 1819109692296
272186349990545 1800355984128
54437269998109 356320455192
272186349990545 1762848567792
272186349990545 1744094859624
272186349990545 1725341151456
272186349990545 1706587443288
54437269998109 337566747024
272186349990545 1669080026952
272186349990545 1650326318784
272186349990545 1631572610616
272186349990545 1612818902448
54437269998109 318813038856
272186349990545 1575311486112
272186349990545 1556557777944
272186349990545 1537804069776
272186349990545 1519050361608
54437269998109 300059330688
272186349990545 1481542945272
272186349990545 1462789237104
272186349990545 1444035528936
272186349990545 1425281820768
54437269998109 281305622520
272186349990545 1387774404432
272186349990545 1369020696264
272186349990545 1350266988096
272186349990545 1331513279928
54437269998109 262551914352
272186349990545 1294005863592
272186349990545 1275252155424
272186349990545 1256498447256
272186349990545 1237744739088
54437269998109 243798206184
272186349990545 1200237322752
272186349990545 1181483614584
272186349990545 1162729906416
272186349990545 1143976198248
54437269998109 225044498016
272186349990545 1106468781912
272186349990545 1087715073744
272186349990545 1068961365576
272186349990545 1050207657408
54437269998109 206290789848
272186349990545 1012700241072
272186349990545 993946532904
272186349990545 975192824736
272186349990545 956439116568
54437269998109 187537081680
272186349990545 918931700232
272186349990545 900177992064
272186349990545 881424283896
272186349990545 862670575728
54437269998109 168783373512
272186349990545 825163159392
272186349990545 806409451224
272186349990545 787655743056
272186349990545 768902034888
54437269998109 150029665344
272186349990545 731394618552
272186349990545 712640910384
272186349990545 693887202216
272186349990545 675133494048
54437269998109 131275957176
272186349990545 637626077712
272186349990545 618872369544
272186349990545 600118661376
272186349990545 581364953208
54437269998109 112522249008
272186349990545 543857536872
272186349990545 525103828704
272186349990545 506350120536
272186349990545 487596412368
54437269998109 93768540840
272186349990545 450088996032
272186349990545 431335287864
272186349990545 412581579696
272186349990545 393827871528
54437269998109 75014832672
272186349990545 356320455192
272186349990545 337566747024
272186349990545 318813038856
272186349990545 300059330688
54437269998109 56261124504
272186349990545 262551914352
272186349990545 243798206184
272186349990545 225044498016
272186349990545 206290789848
54437269998109 37507416336
272186349990545 168783373512
272186349990545 150029665344
272186349990545 131275957176
272186349990545 112522249008
54437269998109 18753708168
272186349990545 75014832672
272186349990545 56261124504
272186349990545 37507416336
272186349990545 18753708168
54801925434709 364655436600
54801925434709 361008882234
54801925434709 357362327868
54801925434709 353715773502
54801925434709 350069219136
54801925434709 346422664770
54801925434709 342776110404
54801925434709 339129556038
54801925434709 335483001672
54801925434709 331836447306
54801925434709 328189892940
54801925434709 324543338574
54801925434709 320896784208
54801925434709 317250229842
54801925434709 313603675476
54801925434709 309957121110
54801925434709 306310566744
54801925434709 302664012378
54801925434709 299017458012
54801925434709 295370903646
54801925434709 291724349280
54801925434709 288077794914
54801925434709 284431240548
54801925434709 280784686182
54801925434709 277138131816
54801925434709 273491577450
1481133119857 7293108732
54801925434709 266198468718
54801925434709 262551914352
54801925434709 258905359986
54801925434709 255258805620
54801925434709 251612251254
54801925434709 247965696888
54801925434709 244319142522
54801925434709 240672588156
54801925434709 237026033790
54801925434709 233379479424
54801925434709 229732925058
54801925434709 226086370692
54801925434709 222439816326
54801925434709 218793261960
54801925434709 215146707594
54801925434709 211500153228
54801925434709 207853598862
54801925434709 204207044496
54801925434709 200560490130
54801925434709 196913935764
54801925434709 193267381398
54801925434709 189620827032
54801925434709 185974272666
54801925434709 182327718300
54801925434709 178681163934
54801925434709 175034609568
54801925434709 171388055202
54801925434709 167741500836
54801925434709 164094946470
54801925434709 160448392104
54801925434709 156801837738
54801925434709 153155283372
54801925434709 149508729006
54801925434709 145862174640
54801925434709 142215620274
54801925434709 138569065908
1481133119857 3646554366
54801925434709 131275957176
54801925434709 127629402810
54801925434709 123982848444
54801925434709 120336294078
54801925434709 116689739712
54801925434709 113043185346
54801925434709 109396630980
54801925434709 105750076614
54801925434709 102103522248
54801925434709 98456967882
54801925434709 94810413516
54801925434709 91163859150
54801925434709 87517304784
54801925434709 83870750418
54801925434709 80224196052
54801925434709 76577641686
54801925434709 72931087320
54801925434709 69284532954
54801925434709 65637978588
54801925434709 61991424222
54801925434709 58344869856
54801925434709 54698315490
54801925434709 51051761124
54801925434709 47405206758
54801925434709 43758652392
54801925434709 40112098026
54801925434709 36465543660
54801925434709 32818989294
54801925434709 29172434928
54801925434709 25525880562
54801925434709 21879326196
54801925434709 18232771830
54801925434709 14586217464
54801925434709 10939663098
54801925434709 7293108732
54801925434709 3646554366
1247459 235620
6237295 1166319
6237295 1154538
6237295 1142757
6237295 1130976
1247459 223839
6237295 1107414
6237295 1095633
6237295 1083852
6237295 1072071
1247459 212058
6237295 1048509
6237295 1036728
6237295 1024947
6237295 1013166
1247459 200277
6237295 989604
6237295 977823
6237295 966042
6237295 954261
1247459 188496
6237295 930699
6237295 918918
6237295 907137
6237295 895356
1247459 176715
2040798836801833 9714420831024
6237295 860013
6237295 848232
6237295 836451
1247459 164934
6237295 812889
6237295 801108
6237295 789327
6237295 777546
1247459 153153
6237295 753984
6237295 742203
6237295 730422
6237295 718641
1247459 141372
6237295 695079
6237295 683298
6237295 671517
6237295 659736
1247459 129591
6237295 636174
446945 56763
446945 55692
446945 54621
89389 10710
446945 52479
446945 51408
446945 50337
446945 49266
89389 9639
446945 47124
446945 46053
446945 44982
446945 43911
89389 8568
446945 41769
446945 40698
2040798836801833 4857210415512
446945 38556
89389 7497
446945 36414
446945 35343
446945 34272
446945 33201
89389 6426
446945 31059
446945 29988
446945 28917
446945 27846
2040798836801833 3281898929400
2040798836801833 3150622972224
2040798836801833 3019347015048
2040798836801833 2888071057872
2040798836801833 2756795100696
2040798836801833 2625519143520
2040798836801833 2494243186344
2040798836801833 2362967229168
2040798836801833 2231691271992
2040798836801833 2100415314816
2040798836801833 1969139357640
2040798836801833 1837863400464
2040798836801833 1706587443288
2040798836801833 1575311486112
2040798836801833 1444035528936
2040798836801833 1312759571760
2040798836801833 1181483614584
2040798836801833 1050207657408
2040798836801833 918931700232
2040798836801833 787655743056
2040798836801833 656379785880
2040798836801833 525103828704
2040798836801833 393827871528
2040798836801833 262551914352
2040798836801833 131275957176
2053580969474233 12782132672400
2053580969474233 12654311345676
2053580969474233 12526490018952
2053580969474233 12398668692228
2053580969474233 12270847365504
2053580969474233 12143026038780
2053580969474233 12015204712056
2053580969474233 11887383385332
2053580969474233 11759562058608
2053580969474233 11631740731884
2053580969474233 11503919405160
2053580969474233 11376098078436
2053580969474233 11248276751712
2053580969474233 11120455424988
2053580969474233 10992634098264
2053580969474233 10864812771540
2053580969474233 10736991444816
2053580969474233 10609170118092
2053580969474233 10481348791368
2053580969474233 10353527464644
2053580969474233 10225706137920
2053580969474233 10097884811196
2053580969474233 9970063484472
2053580969474233 9842242157748
2053580969474233 9714420831024
2053580969474233 9586599504300
2053580969474233 9458778177576
2053580969474233 9330956850852
2053580969474233 9203135524128
2053580969474233 9075314197404
2053580969474233 8947492870680
2053580969474233 8819671543956
2053580969474233 8691850217232
2053580969474233 8564028890508
2053580969474233 8436207563784
2053580969474233 8308386237060
2053580969474233 8180564910336
2053580969474233 8052743583612
2053580969474233 7924922256888
2053580969474233 7797100930164
2053580969474233 7669279603440
2053580969474233 7541458276716
2053580969474233 7413636949992
2053580969474233 7285815623268
2053580969474233 7157994296544
2053580969474233 7030172969820
2053580969474233 6902351643096
2053580969474233 6774530316372
2053580969474233 6646708989648
2053580969474233 6518887662924
2053580969474233 6391066336200
2053580969474233 6263245009476
2053580969474233 6135423682752
2053580969474233 6007602356028
2053580969474233 5879781029304
2053580969474233 5751959702580
2053580969474233 5624138375856
2053580969474233 5496317049132
2053580969474233 5368495722408
2053580969474233 5240674395684
2053580969474233 5112853068960
2053580969474233 4985031742236
2053580969474233 4857210415512
2053580969474233 4729389088788
2053580969474233 4601567762064
2053580969474233 4473746435340
2053580969474233 4345925108616
2053580969474233 4218103781892
2053580969474233 4090282455168
2053580969474233 3962461128444
2053580969474233 3834639801720
2053580969474233 3706818474996
2053580969474233 3578997148272
2053580969474233 3451175821548
2053580969474233 3323354494824
2053580969474233 3195533168100
2053580969474233 3067711841376
2053580969474233 2939890514652
2053580969474233 2812069187928
2053580969474233 2684247861204
2053580969474233 2556426534480
2053580969474233 2428605207756
2053580969474233 2300783881032
2053580969474233 2172962554308
2053580969474233 2045141227584
2053580969474233 1917319900860
2053580969474233 1789498574136
2053580969474233 1661677247412
2053580969474233 1533855920688
2053580969474233 1406034593964
2053580969474233 1278213267240
2053580969474233 1150391940516
2053580969474233 1022570613792
2053580969474233 894749287068
2053580969474233 766927960344
2053580969474233 639106633620
2053580969474233 511285306896
2053580969474233 383463980172
2053580969474233 255642653448
2053580969474233 127821326724
2066035355155033 12454385680800
2066035355155033 12329841823992
2066035355155033 12205297967184
2066035355155033 12080754110376
2066035355155033 11956210253568
2066035355155033 11831666396760
2066035355155033 11707122539952
2066035355155033 11582578683144
2066035355155033 11458034826336
2066035355155033 11333490969528
2066035355155033 11208947112720
2066035355155033 11084403255912
2066035355155033 10959859399104
2066035355155033 10835315542296
2066035355155033 10710771685488
2066035355155033 10586227828680
2066035355155033 10461683971872
2066035355155033 10337140115064
2066035355155033 10212596258256
2066035355155033 10088052401448
2066035355155033 9963508544640
2066035355155033 9838964687832
2066035355155033 9714420831024
2066035355155033 9589876974216
2066035355155033 9465333117408
2066035355155033 9340789260600
2066035355155033 9216245403792
2066035355155033 9091701546984
2066035355155033 8967157690176
2066035355155033 8842613833368
2066035355155033 8718069976560
2066035355155033 8593526119752
2066035355155033 8468982262944
2066035355155033 8344438406136
2066035355155033 8219894549328
2066035355155033 8095350692520
2066035355155033 7970806835712
2066035355155033 7846262978904
2066035355155033 7721719122096
2066035355155033 7597175265288
2066035355155033 7472631408480
2066035355155033 7348087551672
2066035355155033 7223543694864
2066035355155033 7098999838056
2066035355155033 6974455981248
2066035355155033 6849912124440
2066035355155033 6725368267632
2066035355155033 6600824410824
2066035355155033 6476280554016
2066035355155033 6351736697208
2066035355155033 6227192840400
2066035355155033 6102648983592
2066035355155033 5978105126784
2066035355155033 5853561269976
2066035355155033 5729017413168
2066035355155033 5604473556360
2066035355155033 5479929699552
2066035355155033 5355385842744
2066035355155033 5230841985936
2066035355155033 5106298129128
2066035355155033 4981754272320
2066035355155033 4857210415512
2066035355155033 4732666558704
2066035355155033 4608122701896
2066035355155033 4483578845088
2066035355155033 4359034988280
2066035355155033 4234491131472
2066035355155033 4109947274664
2066035355155033 3985403417856
2066035355155033 3860859561048
2066035355155033 3736315704240
2066035355155033 3611771847432
2066035355155033 3487227990624
2066035355155033 3362684133816
2066035355155033 3238140277008
2066035355155033 3113596420200
2066035355155033 2989052563392
2066035355155033 2864508706584
2066035355155033 2739964849776
2066035355155033 2615420992968
2066035355155033 2490877136160
2066035355155033 2366333279352
2066035355155033 2241789422544
2066035355155033 2117245565736
2066035355155033 1992701708928
2066035355155033 1868157852120
2066035355155033 1743613995312
2066035355155033 1619070138504
2066035355155033 1494526281696
2066035355155033 1369982424888
2066035355155033 1245438568080
2066035355155033 1120894711272
2066035355155033 996350854464
2066035355155033 871806997656
2066035355155033 747263140848
2066035355155033 622719284040
2066035355155033 498175427232
2066035355155033 373631570424
2066035355155033 249087713616
2066035355155033 124543856808
2078178381193813 12143026038780
7900 3861
3950 1911
7900 3783
1975 936
2078178381193813 11535874736841
3950 1833
7900 3627
1975 897
7900 3549
2078178381193813 10928723434902
7900 3471
1975 858
7900 3393
3950 1677
2078178381193813 10321572132963
1975 819
7900 3237
3950 1599
7900 3159
2078178381193813 9714420831024
100 39
3950 1521
7900 3003
1975 741
2078178381193813 9107269529085
3950 1443
7900 2847
1975 702
7900 2769
2078178381193813 8500118227146
7900 2691
1975 663
7900 2613
3950 1287
2078178381193813 7892966925207
1975 624
7900 2457
3950 1209
7900 2379
2078178381193813 7285815623268
7900 2301
3950 1131
7900 2223
1975 546
2078178381193813 6678664321329
3950 1053
7900 2067
1975 507
7900 1989
2078178381193813 6071513019390
7900 1911
1975 468
100 47
50 23
2078178381193813 5464361717451
10390891905969065 26714657285316
10390891905969065 26107505983377
10390891905969065 25500354681438
253436387950465 607151301939
2078178381193813 4857210415512
10390891905969065 23678900775621
10390891905969065 23071749473682
10390891905969065 22464598171743
10390891905969065 21857446869804
2078178381193813 4250059113573
10390891905969065 20643144265926
10390891905969065 20035992963987
10390891905969065 19428841662048
10390891905969065 18821690360109
2078178381193813 3642907811634
10390891905969065 17607387756231
10390891905969065 17000236454292
10390891905969065 16393085152353
10390891905969065 15785933850414
2078178381193813 3035756509695
10390891905969065 14571631246536
10390891905969065 13964479944597
10390891905969065 13357328642658
10390891905969065 12750177340719
2078178381193813 2428605207756
10390891905969065 11535874736841
10390891905969065 10928723434902
10390891905969065 10321572132963
10390891905969065 9714420831024
2078178381193813 1821453905817
10390891905969065 8500118227146
10390891905969065 7892966925207
10390891905969065 7285815623268
10390891905969065 6678664321329
2078178381193813 1214302603878
10390891905969065 5464361717451
10390891905969065 4857210415512
10390891905969065 4250059113573
10390891905969065 3642907811634
2078178381193813 607151301939
10390891905969065 2428605207756
10390891905969065 1821453905817
10390891905969065 1214302603878
10390891905969065 607151301939
