
1
2
3
4

6
7
8

11
12
13
14

16
17
18

21
22
23
24

26
27

31
32
33
34

36
37
38

41
42
43
44

46
47
48

51
52
53
54

56
57

61
62
63
64

66
67
68

71
72
73
74

76
77
78

81
82
83
84

86
87

91
92
93
94

96
97
98

101
102
103
104

106
107
108

111
112
113
114

116

121
122
123
124

126
127
128

131
132
133
134

136
137
138

141
142
143
144

146
147

151
152
153
154

156
157
158

161
162
163
164

166
167
168

171
172
173
174

176
177

181
182
183
184

186
187
188

191
192
193
194

196
197
198

201
202
203
204

206
207

211
212
213
214

216
217
218

221
222
223
224

226
227
228

231
232
233
234

236

241
242
243
244

246
247
248

251
252
253
254

256
257
258

261
262
263
264

266
267

271
272
273
274

276
277
278

281
282
283
284

286
287
288

291
292
293
294

296
297

301
302
303
304

306
307
308

311
312
313
314

316
317
318

321
322
323
324

326
327

331
332
333
334

336
337
338

341
342
343
344

346
347
348

351
352
353
354

356

361
362
363
364

366
367
368

371
372
373
374

376
377
378

381
382
383
384

386
387

391
392
393
394

396
397
398

401
402
403
404

406
407
408

411
412
413
414

416
417

421
422
423
424

426
427
428

431
432
433
434

436
437
438

441
442
443
444

446
447

451
452
453
454

456
457
458

461
462
463
464

466
467
468

471
472
473
474

476

481
482
483
484

486
487
488

491
492
493
494

496
497
498

501
502
503
504

506
507

511
512
513
514

516
517
518

521
522
523
524

526
527
528

531
532
533
534

536
537

541
542
543
544

546
547
548

551
552
553
554

556
557
558

561
562
563
564

566
567

571
572
573
574

576
577
578

581
582
583
584

586
587
588

591
592
593
594

596
