0

0

0

0

0

0

0

0

0

1
13 
3
7 2 10 
0

0

5
1 2 6 3 10 
0

1
10 
0

0

5
1 4 5 9 10 
4
1 4 2 10 
0

0

6
1 4 2 7 9 10 
0

5
1 7 9 6 10 
0

0

1
43 
1
4 
2
8 10 
0

3
3 7 10 
0

0

3
1 6 10 
0

0

0

7
1 4 2 3 7 6 10 
2
19 12 
6
2 7 4 8 6 10 
2
6 7 
4
8 5 4 10 
0

2
9 10 
0

2
4 10 
0

1
5 
1
10 
0

5
1 9 2 7 10 
1
15 
0

0

2
6 10 
1
10 
1
101 
0

0

0

1
103 
3
7 5 10 
0

0

2
7 10 
0

1
10 
0

0

0

0

0

7
1 8 4 9 6 7 10 
0

0

0

0

0

0

1
990 
0

0

2
7 4 
2
3 8 
0

2
7 10 
0

7
1 5 2 4 3 8 10 
4
1 2 9 10 
4
1 5 7 10 
1
47 
3
1 2 3 
0

4
4 6 7 10 
0

5
1 7 3 8 10 
1
4 
3
9 8 10 
0

1
10 
4
6 2 7 10 
0

0

0

2
9 10 
0

0

0

1
10 
3
1 9 10 
3
1 9 10 
1
10 
0

1
10 
0

2
1 4 
3
6 7 10 
0

1
100 
0

0

1
10 
0

0

0

0

3
3 7 10 
0

1
11 
0

3
4 9 10 
1
10 
5
1 7 2 8 10 
5
1 7 9 8 10 
1
10 
2
1 3 
1
10 
0

0

0

6
1 6 8 7 4 10 
0

0

1
10 
1
10 
1
1 
4
1 9 5 10 
3
7 6 10 
0

0

0

1
10 
0

4
2 6 3 10 
1
10 
0

0

1
1 
0

4
1 6 3 10 
0

1
10 
1
11 
1
10 
0

4
5 9 2 10 
5
1 5 3 8 10 
0

3
5 6 10 
0

5
2 8 9 3 10 
0

0

0

0

5
1 8 5 6 10 
2
2 10 
2
8 10 
0

0

0

1
10 
1
10 
0

1
2 
0

0

0

0

0

0

3
3 2 10 
6
1 8 6 9 5 10 
1
12 
4
1 7 9 10 
0

5
9 8 5 7 10 
0

4
7 8 9 10 
0

0

0

0

0

0

2
6 8 
2
4 10 
5
3 8 7 2 10 
1
9 
5
1 5 6 3 10 
3
5 8 10 
1
10 
0

0

0

9
1 6 3 5 9 8 7 2 10 
1
101 
1
10 
0

0

6
1 7 4 6 2 10 
0

0

0

3
1 3 10 
0

6
1 8 2 9 7 10 
0

0

0

0

1
10 
3
8 9 10 
0

0

0

2
9 10 
0

0

4
7 3 8 10 
1
10 
0

0

0

1
10 
0

0

0

0

0

2
5 10 
2
6 10 
0

0

0

0

0

0

0

0

0

1
10 
0

0

6
1 6 7 5 3 10 
5
1 4 2 3 10 
0

1
10 
3
8 4 10 
2
1 2 
0

0

1
11 
4
8 5 2 10 
0

1
10 
3
4 8 10 
0

0

0

0

0

5
3 8 7 4 10 
0

0

3
9 3 10 
0

0

1
10 
4
1 8 6 10 
4
6 3 9 10 
0

0

1
11 
1
4 
0

6
1 3 9 8 7 10 
1
10 
4
1 5 4 10 
0

0

1
10 
0

0

2
54 49 
0

0

0

2
4 10 
3
3 6 10 
3
5 4 10 
2
1 4 
1
10 
0

0

0

0

0

1
10 
1
10 
2
9 10 
3
1 3 6 
0

0

0

2
6 10 
0

0

0

0

2
3 10 
2
1 3 
0

1
3 
0

0

3
4 7 10 
0

0

0

0

1
10 
1
1 
3
79 26 100 
3
8 5 10 
0

0

1
10 
0

0

3
1 4 5 
0

2
1 3 
3
7 3 10 
4
1 6 2 10 
2
11 13 
7
1 8 5 2 4 9 10 
1
2 
3
4 2 10 
0

0

0

1
12 
1
10 
0

0

3
5 3 10 
6
1 3 4 5 7 10 
3
3 6 10 
0

0

0

0

4
1 2 8 10 
6
1 3 9 6 7 10 
0

0

0

4
1 9 4 10 
0

4
1 3 4 10 
0

3
3 7 10 
3
1 9 10 
0

1
10 
2
6 10 
0

0

3
8 4 10 
3
87 20 103 
0

0

0

3
1 7 10 
0

2
7 10 
1
10 
0

1
101 
3
1 3 10 
4
1 5 6 10 
0

0

0

0

1
10 
0

5
4 2 8 7 10 
2
1 10 
0

0

3
1 9 3 
0

6
1 2 8 3 6 10 
0

1
3 
0

5
1 7 8 6 10 
1
10 
1
10 
0

0

0

3
90 64 101 
0

4
12 6 4 13 
0

1
10 
0

6
3 5 7 4 6 10 
0

1
102 
0

5
1 4 9 6 10 
0

0

4
1 9 7 10 
0

0

1
10 
4
2 8 9 10 
0

1
10 
0

0

0

0

1
10 
6
1 9 6 7 8 10 
0

0

1
10 
0

0

3
3 6 10 
0

2
9 10 
6
8 5 6 2 3 10 
1
4 
3
3 4 10 
1
10 
