50
1000 1 19 15 17 14 8 20
1000 8 19 14 16 1 4 20
1000 10 12 9 15 14 1 20
1000 0 999995001 1 0 10000 10000 1000000000
1 26987043 870812648 0 0 792317953 719581882 895289516
3 537349156 774018032 0 0 327387418 55365695 969647067
1 807289012 869362821 0 0 656199292 246709116 957637060
3 439320610 945347204 0 0 546290849 566398763 999315644
3 102481408 523237577 0 0 724784413 52827972 998204787
1000 597560365 973697002 0 0 622919577 230441012 992210063
1000 110029125 607574236 0 0 574643605 401654614 969558581
1000 223299798 239533906 0 0 326266473 557263236 960694580
1000 370543577 811184977 0 0 33794007 383876429 982442654
1000 300958907 644752364 0 0 174617000 276497076 971068154
1000 107463512 806286141 211492522 240401817 0 0 998323192
1000 615764910 978008421 682450296 755787720 0 0 962039306
1000 261404948 985769784 678719942 726895800 0 0 995094930
1000 582972969 932082682 127315460 70103308 0 0 960062832
1000 107975432 269521154 977036118 889508290 0 0 980719273
1000 297672953 810062907 853799342 48808490 938972669 772173960 994257938
1000 37668192 351289305 701191251 440734675 739699794 760547954 896157727
1000 488373872 655833745 23331909 914772490 187982705 160968107 965698996
1000 19048932 391758683 267797744 559006356 266364428 479127683 968792324
1000 527316068 565855124 951264968 637869004 943817067 122491946 998998755
1000 374778731 645832484 342350614 211519170 447916810 867245976 954767531
1000 457154754 906662786 178105437 2135947 216754593 446235629 989835225
1000 80357042 878145244 350946902 136002658 177840320 676009375 965520708
1000 765375589 935210923 368480378 158149227 110986997 968630061 997986449
1000 44881756 711779306 600412367 916773802 437903287 8475198 952927862
1000 357123360 415863678 986413124 60737877 188081217 302529261 977893266
1000 38631140 739597745 459074552 214971752 550253619 622944438 983613763
1000 115581687 703063787 7501455 953794524 106712077 72181145 996681770
1000 157221047 436950735 967583727 588737765 125148853 368916949 986236048
1000 83904957 826478074 662440512 175705059 64610384 997210039 997382518
1000 323232590 515236105 22417343 239961922 2268335 601243995 995844599
1000 718326071 948639688 664365611 426405495 618665322 888657294 940017608
1000 82695017 283406901 46675903 230696216 803203134 789434724 983090653
1000 473757537 878481452 147166465 637418332 395823984 795232242 991288945
1000 193482450 293564952 890485127 460713265 173550959 111051280 926917494
1000 585818069 956702488 747565889 799875438 60413249 833428737 987603513
1000 258563335 514791264 264860773 473941391 589901101 780696546 966271825
1000 78095680 178032711 490059851 683402552 174344164 792519144 968235205
984 186801241 907171454 170668426 944963553 65439946 13866924 984630255
994 66440937 531215790 863904167 252817897 411852745 960068971 991475832
996 170306346 214939067 397585792 975838884 83427826 660099367 912099209
932 274303118 800903524 144187607 67467345 858777512 635657678 996513761
1000 662666520 958135971 965858552 23669107 522393914 220496318 994524468
1000 810655966 958151807 957917891 334798672 812686660 911380949 992875352
1000 58095113 572623350 992735921 425742238 255938550 69528483 987628034
1000 15189385 119576060 84444913 753592463 608296550 505168238 907702084
