783.618448 617.803865 637.625032 405.944165 692.933481 512.739576
500.116625 240.606490 368.349979 113.785338 387.437114 222.422544
644.098513 321.627359 640.026230 320.553351 552.677407 400.609972
629.097237 616.608996 627.807655 539.149532 588.912180 579.679095
734.870149 484.961543 619.472229 260.131917 666.462175 379.755335
436.853338 644.584787 521.778074 696.811794 382.760547 794.718778
436.853338 644.584787 521.778074 696.811794 150.853716 447.789490
770.116252 509.691368 706.746192 386.926591 659.487341 489.437821
349.856416 472.114094 328.418180 374.115172 219.445619 449.006549
814.400310 316.628337 554.097896 287.412561 695.694706 312.737817
407.452920 169.867223 444.637027 208.385514 390.133378 271.416050
407.452920 169.867223 444.637027 208.385514 268.771880 542.031287
407.452920 169.867223 444.637027 208.385514 139.359587 790.336802
656.162974 592.219017 728.201003 663.313990 545.960136 738.041766
728.284812 518.180939 654.614366 438.339701 643.816705 521.495209
728.284812 518.180939 654.614366 438.339701 677.672775 776.026732
548.005268 609.624135 544.001519 598.355383 452.363471 624.529161
548.005268 609.624135 544.001519 598.355383 357.016666 751.220862
787.891300 142.642921 829.950491 169.739649 792.738254 230.916726
593.247524 313.213060 679.748136 322.261428 617.285260 476.064793
777.637379 238.008063 714.594383 204.331385 705.729450 297.771453
777.637379 238.008063 714.594383 204.331385 617.301509 387.711166
777.637379 238.008063 714.594383 204.331385 447.408302 152.666523
777.637379 238.008063 714.594383 204.331385 646.533109 803.822278
880.111348 865.236676 793.660887 768.242870 847.318754 830.653190
880.111348 865.236676 793.660887 768.242870 542.054858 678.822503
880.111348 865.236676 793.660887 768.242870 131.934108 557.858750
721.621529 659.116971 626.194491 527.657853 656.686493 617.536744
525.131303 198.132050 618.152635 352.024429 370.890486 351.267256
525.131303 198.132050 618.152635 352.024429 605.381451 725.136439
525.131303 198.132050 618.152635 352.024429 471.994204 726.610862
525.131303 198.132050 618.152635 352.024429 511.986733 599.308636
525.131303 198.132050 618.152635 352.024429 198.213939 583.655223
573.067520 875.392021 566.937202 788.052009 538.933955 837.091227
650.172610 377.044046 489.720041 165.217542 557.162765 268.541499
450.413729 598.890099 454.676538 582.713399 311.908439 586.894990
674.960561 395.279752 649.041265 355.914220 566.688639 439.730500
774.860798 483.979756 817.857540 504.531450 748.970118 609.237291
551.917915 470.663631 585.747690 491.844727 454.851108 611.062120
228.389703 320.048203 95.163633 169.499651 157.308383 220.473816
146.478889 484.027495 52.032653 422.081192 90.224916 441.100544
646.381491 913.553000 387.877031 759.318629 539.704624 810.443546
746.681495 419.257753 566.140235 256.564791 586.687873 414.868186
746.681495 419.257753 566.140235 256.564791 467.831788 745.732108
746.681495 419.257753 566.140235 256.564791 390.723250 475.614104
333.327316 955.166857 324.650946 927.292708 330.601199 945.454874
758.495861 307.456806 744.694906 278.026540 675.026935 344.635381
487.892332 312.538956 523.843139 378.945456 402.773914 365.806750
670.088832 375.638399 758.151584 410.031954 692.091439 507.422751
454.531753 256.158696 308.842677 176.434543 367.496379 223.993346
