804.874981 482.509565 754.694565 416.105155 627.499139 554.868536
665.918805 152.324007 417.169893 -56.292049 240.828746 351.044721
840.180026 418.156287 562.861337 117.693455 395.413487 517.762042
696.784593 680.529641 723.678063 498.033701 486.659205 606.621943
766.844042 367.738838 735.504580 305.680837 606.012162 411.131364
622.930439 798.768068 326.875284 552.392886 304.460903 942.495572
190.482221 457.518561 131.839932 418.942786 124.842139 449.669845
968.457621 565.980038 808.502491 197.568091 474.772726 613.296846
556.956085 629.784140 438.772491 142.281318 -39.167531 486.426459
729.570332 242.709192 682.038497 235.397502 691.239516 364.893239
534.664326 221.940584 321.319890 154.002487 305.499763 326.963172
446.361938 518.489865 169.987117 416.328661 169.945362 604.500223
271.483269 795.701011 45.899420 686.383490 127.186925 880.110182
836.546731 816.493717 564.035036 424.877382 407.643346 897.018532
884.505146 485.829450 666.765091 288.176858 508.159725 614.773397
803.356931 788.355433 610.473472 677.786121 615.361902 829.709946
655.594478 752.244809 577.531399 424.195239 290.312524 646.740777
567.543822 802.702131 305.205942 552.178896 231.488233 820.346317
899.595795 170.353389 718.500955 150.303131 735.450224 288.638756
845.227951 333.488693 430.131928 281.296839 599.402009 659.368112
955.321421 213.281695 652.661359 29.468119 648.133248 473.645571
814.669904 417.668097 560.247145 167.173108 614.941135 537.358907
596.924952 287.203996 499.184044 -47.438240 322.806266 211.874583
887.969252 785.929101 511.649435 579.961798 636.990142 975.595681
859.064507 824.736237 855.186969 819.958281 840.951498 836.630440
789.931372 649.714267 392.406715 497.740164 434.575390 802.533564
286.146019 633.713897 105.204944 390.554239 34.850960 618.352771
809.094255 617.777460 737.600260 480.167081 579.772747 692.004901
569.302556 500.722326 448.981184 95.397472 238.181773 468.690149
924.832565 605.095639 360.936006 490.797458 549.476245 948.317067
559.569130 843.459772 563.436325 584.831532 396.069319 807.778180
780.059485 567.689710 378.482803 368.644494 419.205350 755.797052
260.847656 700.784329 250.044983 461.628565 109.729565 586.706409
639.571483 919.844262 659.252715 765.902769 449.905225 866.080146
625.460268 242.515283 598.257447 208.688985 517.801199 297.224892
543.090493 840.499422 571.634082 348.284407 74.110190 612.875518
877.779549 493.118557 638.393899 129.938242 390.546864 567.642980
975.339514 532.162307 641.374668 398.881371 677.877451 755.666964
813.176192 609.140019 418.298783 245.776898 314.795363 816.810680
145.103867 252.100779 123.816372 225.717876 157.308383 220.473816
88.793758 455.544188 77.000775 447.082947 90.224916 441.100544
539.559841 886.918082 473.403341 848.555429 539.704624 810.443546
1004.908523 323.979459 628.337084 -9.757054 387.759266 630.741704
629.817738 648.072457 303.150956 684.360360 430.295137 862.864551
730.747062 601.900951 360.657999 141.566682 157.561054 527.964215
329.964434 946.163171 329.669413 945.257568 330.601199 945.454874
904.540785 396.596148 744.936304 98.025161 583.960598 489.701799
502.567780 465.242765 480.151367 229.807398 324.422783 433.473636
826.886638 438.147315 590.254086 409.834857 640.227730 593.516508
440.658842 160.913726 370.369238 129.462267 332.891080 278.870388
